timestamp x y theta
1769097853.807650 0.000000 0.000000 -0.000000
1769097853.867656 0.000000 0.000000 -0.000002
1769097853.912660 0.000000 0.000000 -0.000001
1769097853.952661 0.000000 0.000000 -0.000007
1769097855.447685 0.000000 0.000000 -0.000009
1769097855.492741 -0.000000 0.000000 -0.000008
1769097855.542668 -0.000000 0.000000 -0.000008
1769097855.587675 -0.000000 0.000000 -0.000008
1769097855.632649 -0.000000 0.000000 -0.000008
1769097855.682674 -0.000000 0.000000 -0.000009
1769097855.767657 -0.000000 0.000000 -0.000008
1769097855.882670 -0.000000 0.000000 -0.000008
1769097857.527697 -0.000000 0.000000 -0.000009
1769097857.577655 0.007391 0.000003 0.003596
1769097857.622765 0.007796 0.000005 0.003568
1769097857.667686 0.008150 0.000004 0.003832
1769097857.717699 0.008732 0.000007 0.004460
1769097857.762668 0.009213 0.000010 0.004496
1769097857.892659 0.019489 0.000056 0.006202
1769097859.542696 0.020400 0.000063 0.005798
1769097859.587738 0.057809 0.000235 -0.002088
1769097859.637737 0.060770 0.000222 -0.002261
1769097859.682712 0.063732 0.000209 -0.002030
1769097859.732720 0.068693 0.000207 -0.003166
1769097859.782711 0.072034 0.000190 -0.003288
1769097859.897696 0.122604 0.000185 0.002929
1769097861.502741 0.133007 0.000275 0.001451
1769097861.547742 0.242499 0.000458 0.013574
1769097861.597736 0.246877 0.000491 0.012747
1769097861.642728 0.251154 0.000527 0.012830
1769097861.687731 0.257558 0.000612 0.011709
1769097861.737741 0.257557 0.000646 0.010778
1769097861.782744 0.268112 0.000715 0.009544
1769097861.902720 0.325919 0.001030 0.015188
1769097863.492730 0.332246 0.001185 0.014385
1769097863.542746 0.440844 0.002553 0.017026
1769097863.587730 0.447222 0.002592 0.017434
1769097863.637787 0.451195 0.002700 0.017554
1769097863.682743 0.455523 0.002738 0.017361
1769097863.732765 0.461824 0.002896 0.016716
1769097863.777758 0.466176 0.002973 0.016106
1769097863.907731 0.525448 0.003842 0.015462
1769097865.517742 0.531724 0.003958 0.017394
1769097865.567787 0.649194 -0.008237 0.029779
1769097865.617779 0.653419 -0.008066 0.028729
1769097865.667788 0.653418 -0.008040 0.028762
1769097865.712809 0.663995 -0.007769 0.028887
1769097865.762757 0.668297 -0.007695 0.030280
1769097865.917836 0.728070 -0.006598 0.032950
1769097867.517776 0.732349 -0.006660 0.037150
1769097867.567828 0.840844 -0.010917 0.027423
1769097867.622835 0.847066 -0.010659 0.028116
1769097867.667803 0.851036 -0.010485 0.028189
1769097867.717771 0.855338 -0.010387 0.029479
1769097867.767796 0.861788 -0.010163 0.030432
1769097867.817896 0.865934 -0.009933 0.028449
1769097867.927779 0.920911 -0.008338 0.024691
1769097869.522819 0.925161 -0.008211 0.025537
1769097869.577813 1.046012 -0.014141 0.029242
1769097869.632820 1.050210 -0.013953 0.030457
1769097869.682820 1.056532 -0.013673 0.031912
1769097869.737811 1.060806 -0.013523 0.032288
1769097869.782821 1.065078 -0.013286 0.031581
1769097869.832804 1.071351 -0.013048 0.032193
1769097869.932811 1.126719 -0.010996 0.025137
1769097871.552847 1.130817 -0.010859 0.025895
1769097871.602841 1.241721 -0.014236 0.033353
1769097871.667851 1.245920 -0.014092 0.035461
1769097871.722850 1.250240 -0.013802 0.034507
1769097871.782838 1.256359 -0.013521 0.035977
1769097871.842866 1.260658 -0.013326 0.036555
1769097871.942829 1.316135 -0.010897 0.033281
1769097873.497833 1.320435 -0.010736 0.033618
1769097873.547868 1.430526 -0.010984 0.037743
1769097873.597868 1.434800 -0.010811 0.039552
1769097873.647868 1.438822 -0.010654 0.041040
1769097873.697868 1.445265 -0.010266 0.041185
1769097873.742876 1.449514 -0.010087 0.043381
1769097873.792938 1.453786 -0.009856 0.044468
1769097873.942906 1.515073 -0.006443 0.041031
1769097875.552868 1.519496 -0.006203 0.040551
1769097875.602879 1.638625 -0.009962 0.042877
1769097875.657888 1.642876 -0.009800 0.046034
1769097875.717879 1.647146 -0.009536 0.047384
1769097875.782892 1.653512 -0.009130 0.047470
1769097875.842893 1.657632 -0.008905 0.048222
1769097875.952872 1.717598 -0.004947 0.045775
1769097877.547900 1.721843 -0.004689 0.044178
1769097877.597884 1.833592 -0.005785 0.051541
1769097877.667909 1.842235 -0.005282 0.054763
1769097877.717905 1.848677 -0.004877 0.055103
1769097877.767931 1.852821 -0.004626 0.056481
1769097877.817907 1.857015 -0.004348 0.057594
1769097877.867904 1.863307 -0.003973 0.060319
1769097877.962905 1.916724 0.000018 0.055598
1769097879.552926 1.923091 0.000404 0.055018
1769097879.607932 2.034527 -0.000175 0.058906
1769097879.668026 2.040917 0.000256 0.057728
1769097879.722946 2.045135 0.000532 0.057463
1769097879.778014 2.049405 0.000799 0.058491
1769097879.832947 2.055744 0.001218 0.059630
1769097879.887964 2.059785 0.001494 0.060865
1769097879.962928 2.114480 0.005619 0.062869
1769097881.567941 2.118718 0.005971 0.060441
1769097881.617965 2.239026 0.004903 0.060262
1769097881.672949 2.243266 0.005217 0.058494
1769097881.722934 2.247638 0.005481 0.059459
1769097881.772922 2.254030 0.005892 0.060986
1769097881.822927 2.258197 0.006169 0.062290
1769097881.872959 2.262463 0.006484 0.062619
1769097881.972941 2.317203 0.010688 0.071842
1769097883.567974 2.323511 0.011185 0.071803
1769097883.617977 2.433935 0.008298 0.063574
1769097883.668056 2.440497 0.008793 0.062512
1769097883.718042 2.444790 0.009098 0.062411
1769097883.767980 2.449007 0.009393 0.063159
1769097883.817964 2.455368 0.009865 0.063417
1769097883.867982 2.459459 0.010154 0.064308
1769097883.977982 2.514479 0.014653 0.070361
1769097885.563021 2.518689 0.015026 0.069439
1769097885.617996 2.630872 0.012764 0.066684
1769097885.683012 2.637354 0.013302 0.065647
1769097885.737995 2.641567 0.013652 0.065026
1769097885.793001 2.645905 0.014010 0.064726
1769097885.843011 2.652389 0.014536 0.064636
1769097885.903007 2.660967 0.015231 0.064976
1769097885.988005 2.711047 0.019569 0.072656
1769097887.618002 2.715282 0.019956 0.072925
1769097887.667997 2.837728 0.017727 0.072948
1769097887.728047 2.843953 0.018301 0.071576
1769097887.778032 2.848313 0.018707 0.070844
1769097887.838048 2.854867 0.019304 0.069597
1769097887.898025 2.859305 0.019699 0.069564
1769097887.993034 2.912196 0.024517 0.082092
1769097889.658065 3.015283 0.024303 0.072633
1769097889.723057 3.015279 0.024342 0.071880
1769097889.778050 3.025932 0.025398 0.071268
1769097889.828051 3.030319 0.025815 0.072526
1769097889.893092 3.030320 0.025820 0.073830
1769097889.948051 3.040951 0.026860 0.072125
1769097890.008048 3.049647 0.027692 0.073306
1769097891.648065 3.205923 0.028995 0.080368
1769097891.703070 3.216714 0.030205 0.080664
1769097891.753048 3.221014 0.030689 0.079210
1769097891.803089 3.225290 0.031166 0.078079
1769097891.853073 3.231781 0.031884 0.076263
1769097891.903068 3.235936 0.032320 0.077203
1769097893.548087 3.284692 0.037513 0.083742
1769097893.608087 3.401963 0.034664 0.086729
1769097893.668082 3.412415 0.035927 0.087497
1769097893.718095 3.412416 0.035931 0.088177
1769097893.773095 3.422843 0.037197 0.087772
1769097893.828099 3.427161 0.037734 0.085324
1769097893.888085 3.427155 0.037767 0.082923
1769097895.563110 3.486823 0.044714 0.084794
1769097895.618125 3.610355 0.047026 0.089004
1769097895.678112 3.614596 0.047582 0.089712
1769097895.733182 3.620943 0.048418 0.088444
1769097895.788149 3.625233 0.048995 0.086651
1769097895.838087 3.629448 0.049549 0.087028
1769097895.888103 3.635752 0.050350 0.086008
1769097897.603139 3.689523 0.057154 0.083554
1769097897.658139 3.810595 0.056968 0.090598
1769097897.723145 3.814877 0.057586 0.088481
1769097897.783132 3.814865 0.057670 0.086367
1769097897.838137 3.825205 0.059020 0.084842
1769097897.893150 3.829465 0.059620 0.084236
1769097897.953124 3.839725 0.061021 0.084700
1769097899.538195 3.990787 0.068441 0.100576
1769097899.603157 4.001419 0.069713 0.092522
1769097899.653147 4.005617 0.070200 0.089540
1769097899.703159 4.009786 0.070687 0.083043
1769097899.758147 4.016055 0.071328 0.077822
1769097899.808166 4.020281 0.071773 0.073425
1769097899.863155 4.024407 0.072189 0.069407
1769097901.553173 4.078686 0.074899 -0.006129
1769097901.618184 4.197987 0.078391 -0.007066
1769097901.673157 4.202208 0.078526 -0.006535
1769097901.728187 4.208477 0.078710 -0.005729
1769097901.778187 4.212596 0.078857 -0.006182
1769097901.833177 4.216793 0.078991 -0.003297
1769097901.893183 4.223090 0.079180 -0.002297
1769097903.633208 4.283638 0.064816 -0.008852
1769097903.708182 4.418041 0.068850 -0.000226
1769097903.763208 4.422214 0.068983 0.001634
1769097903.818184 4.426461 0.069133 0.000939
1769097903.868195 4.432809 0.069336 0.000364
1769097903.923197 4.442551 0.061949 -0.001688
1769097903.983236 4.446749 0.062090 -0.000090
1769097905.503230 4.605206 0.057101 0.000860
1769097905.563238 4.609482 0.057240 0.001191
1769097905.613231 4.613706 0.057384 0.000942
1769097905.668214 4.619879 0.057582 0.002222
1769097905.718238 4.624103 0.057725 0.002729
1769097905.768242 4.628302 0.057864 0.003906
1769097905.853230 4.679344 0.059825 0.003127
1769097907.588264 4.693836 0.060371 -0.000913
1769097907.653240 4.809581 0.051716 0.000981
1769097907.718243 4.820306 0.052063 0.000565
1769097907.773233 4.824553 0.052218 0.001906
1769097907.828230 4.828877 0.052381 0.002499
1769097907.878254 4.833048 0.052538 0.004280
1769097907.933247 4.839524 0.052778 0.004856
1769097909.573259 4.888554 0.054803 0.002572
1769097909.628265 5.008790 0.044435 -0.006449
1769097909.688274 5.013091 0.044613 -0.010582
1769097909.743271 5.019617 0.044840 -0.011185
1769097909.798297 5.023917 0.044987 -0.010972
1769097909.863250 5.034690 0.045353 -0.007809
1769097909.918274 5.038966 0.045512 -0.007533
1769097911.558288 5.089269 0.047510 -0.004978
1769097911.613291 5.196123 0.035989 -0.007647
1769097911.678274 5.202646 0.036232 -0.007188
1769097911.733289 5.207020 0.036396 -0.006495
1769097911.798308 5.211422 0.036561 -0.007752
1769097911.868294 5.222272 0.036948 -0.006165
1769097911.933292 5.226546 0.037110 -0.006162
1769097913.743361 5.397330 0.025907 -0.012316
1769097913.833326 5.406132 0.026287 -0.015648
1769097913.893339 5.412607 0.026529 -0.016856
1769097913.953310 5.420851 0.026863 -0.016056
1769097914.008327 5.427098 0.027098 -0.015411
1769097915.613329 5.427095 0.027140 -0.014783
1769097915.668347 5.588836 0.017826 -0.013266
1769097915.733336 5.593312 0.018041 -0.014232
1769097915.788351 5.597714 0.018255 -0.016803
1769097915.843444 5.604136 0.018518 -0.016423
1769097915.893346 5.608535 0.018722 -0.016296
1769097915.948408 5.608533 0.018795 -0.016171
1769097917.578342 5.781399 0.012606 -0.013536
1769097917.643355 5.785747 0.012826 -0.012334
1769097917.693360 5.792218 0.013150 -0.012077
1769097917.743348 5.796366 0.013373 -0.014255
1769097917.793344 5.800561 0.013588 -0.013610
1769097917.863364 5.811151 0.014102 -0.011377
1769097917.933402 5.817498 0.014421 -0.013026
1769097919.623366 5.980316 0.004911 -0.010208
1769097919.693358 5.984666 0.005161 -0.013303
1769097919.753390 5.995356 0.005735 -0.011923
1769097919.803382 5.999552 0.005959 -0.011900
1769097919.858380 6.003773 0.006189 -0.013107
1769097919.913380 6.010243 0.006531 -0.013690
1769097919.983399 6.014513 0.006740 -0.012323
1769097921.618436 6.188117 -0.005761 -0.011225
1769097921.683414 6.192312 -0.005521 -0.010750
1769097921.738468 6.198705 -0.005159 -0.009478
1769097921.793426 6.202925 -0.004916 -0.010220
1769097921.853423 6.213514 -0.004308 -0.012720
1769097921.908392 6.217783 -0.004073 -0.012598
1769097921.958393 6.222155 -0.003845 -0.010832
1769097923.608457 6.383869 -0.016330 -0.014891
1769097923.668440 6.383869 -0.016338 -0.013056
1769097923.723441 6.394278 -0.015684 -0.014001
1769097923.778413 6.398420 -0.015428 -0.013018
1769097923.828442 6.398420 -0.015432 -0.012043
1769097923.883427 6.409130 -0.014760 -0.011766
1769097923.933445 6.413400 -0.014503 -0.011483
1769097925.533482 6.462564 -0.011640 -0.013052
1769097925.603468 6.582270 -0.026433 -0.016454
1769097925.688462 6.586463 -0.026177 -0.015594
1769097925.748420 6.592450 -0.025803 -0.014511
1769097925.803444 6.602958 -0.025136 -0.013131
1769097925.853449 6.607278 -0.024863 -0.011988
1769097925.918413 6.656867 -0.021739 -0.020321
1769097927.533488 6.661137 -0.021492 -0.020312
1769097927.588538 6.778398 -0.031666 -0.018130
1769097927.653538 6.788782 -0.031037 -0.017330
1769097927.708474 6.793001 -0.030785 -0.014335
1769097927.768466 6.797245 -0.030525 -0.012484
1769097927.818491 6.803560 -0.030125 -0.011471
1769097929.568523 6.862945 -0.026288 -0.021965
1769097929.618536 6.980885 -0.043156 -0.021562
1769097929.683556 6.987228 -0.042786 -0.020050
1769097929.738497 6.991447 -0.042526 -0.019942
1769097929.788499 6.995691 -0.042258 -0.018922
1769097929.848490 7.002108 -0.041861 -0.019369
1769097929.933497 7.055048 -0.038346 -0.016071
1769097931.563505 7.061617 -0.037938 -0.017766
1769097931.618532 7.174389 -0.052762 -0.015490
1769097931.683517 7.180604 -0.052390 -0.013288
1769097931.733525 7.184899 -0.052116 -0.013447
1769097931.793529 7.189192 -0.051831 -0.014656
1769097931.858524 7.199852 -0.051152 -0.009809
1769097931.938536 7.249622 -0.047676 -0.011922
1769097933.543585 7.355226 -0.061545 -0.016297
1769097933.618542 7.363942 -0.061020 -0.018424
1769097933.673537 7.370488 -0.060653 -0.015716
1769097933.728509 7.374833 -0.060389 -0.018024
1769097933.783606 7.374832 -0.060372 -0.020315
1769097933.838553 7.385572 -0.059765 -0.017849
1769097933.943562 7.438535 -0.056281 -0.017237
1769097935.573559 7.555225 -0.064727 -0.020297
1769097935.648566 7.566143 -0.064127 -0.018959
1769097935.698573 7.570464 -0.063874 -0.020573
1769097935.753642 7.574886 -0.063617 -0.020937
1769097935.803595 7.585247 -0.063027 -0.019724
1769097935.868594 7.589542 -0.062771 -0.019380
1769097935.953558 7.639607 -0.059575 -0.016774
1769097937.583651 7.650420 -0.058927 -0.017544
1769097937.638587 7.760839 -0.079127 -0.027262
1769097937.698622 7.765286 -0.078875 -0.029137
1769097937.748590 7.771858 -0.078517 -0.027940
1769097937.803562 7.776230 -0.078284 -0.027149
1769097937.863605 7.786895 -0.077697 -0.027123
1769097937.953579 7.839930 -0.074571 -0.024834
1769097939.583652 7.846321 -0.074178 -0.024997
1769097939.638620 7.957647 -0.088952 0.049749
1769097939.698621 7.963884 -0.088033 0.048860
1769097939.753623 7.972101 -0.086824 0.046462
1769097939.808613 7.978242 -0.085946 0.045606
1769097939.863595 7.982552 -0.085321 0.044218
1769097939.963617 8.036632 -0.077523 0.051764
1769097941.583688 8.042718 -0.076628 0.052532
1769097941.658641 8.160857 -0.083637 0.044083
1769097941.738649 8.165118 -0.083037 0.041658
1769097941.813647 8.175704 -0.081594 0.041712
1769097941.883679 8.179942 -0.081014 0.040335
1769097941.948640 8.179939 -0.080995 0.038986
1769097942.018645 8.195042 -0.078975 0.034944
1769097943.653636 8.361016 -0.081596 0.033879
1769097943.718653 8.365156 -0.081039 0.033974
1769097943.768672 8.369447 -0.080466 0.034090
1769097943.823654 8.375822 -0.079630 0.033605
1769097943.873653 8.380039 -0.079070 0.033679
1769097943.923700 8.384330 -0.078502 0.032695
1769097943.978667 8.425160 -0.073278 0.032197
1769097945.568671 8.538399 -0.079829 0.026750
1769097945.628659 8.542665 -0.079288 0.024889
1769097945.693675 8.546758 -0.078780 0.024999
1769097945.758684 8.557082 -0.077507 0.024676
1769097945.818682 8.561376 -0.076975 0.023207
1769097945.883685 8.567608 -0.076216 0.023249
1769097945.938676 8.571700 -0.075718 0.022772
1769097945.998698 8.578135 -0.074938 0.022200
1769097947.673677 8.739409 -0.083183 0.006846
1769097947.733756 8.745594 -0.082506 0.004456
1769097947.783638 8.749693 -0.082049 0.004609
1769097947.838682 8.753966 -0.081571 0.003888
1769097947.888772 8.760358 -0.080892 0.004025
1769097947.948679 8.764810 -0.080404 0.002825
1769097948.008673 8.775405 -0.079278 0.001984
1769097949.668702 8.935972 -0.086971 -0.008363
1769097949.738716 8.940253 -0.086561 -0.009026
1769097949.798736 8.946525 -0.085969 -0.009338
1769097949.858721 8.955140 -0.085152 -0.009441
1769097949.913725 8.961365 -0.084572 -0.010017
1769097949.968729 8.965623 -0.084172 -0.010490
1769097950.023721 8.969803 -0.083777 -0.012321
1769097951.723747 9.138750 -0.097664 -0.028148
1769097951.798746 9.149522 -0.096807 -0.026536
1769097951.863727 9.153833 -0.096427 -0.025254
1769097951.923751 9.164529 -0.095552 -0.024894
1769097951.983732 9.168586 -0.095207 -0.026044
1769097952.043736 9.168583 -0.095184 -0.027251
1769097953.648817 9.183518 -0.093987 -0.029466
1769097953.708761 9.338792 -0.111898 -0.039385
1769097953.778743 9.345028 -0.111472 -0.036124
1769097953.833754 9.349087 -0.111155 -0.039186
1769097953.888764 9.353352 -0.110837 -0.038733
1769097953.943769 9.359535 -0.110398 -0.038508
1769097955.733887 9.409840 -0.106902 -0.045412
1769097955.798795 9.543077 -0.126679 -0.049342
1769097955.863834 9.553210 -0.126086 -0.047014
1769097955.918824 9.557430 -0.125839 -0.046694
1769097955.973796 9.563772 -0.125458 -0.046096
1769097956.028828 9.567814 -0.125211 -0.046849
1769097957.718804 9.571908 -0.124970 -0.046439
1769097957.783818 9.736853 -0.143717 -0.059007
1769097957.873816 9.747186 -0.143068 -0.048460
1769097957.943812 9.753320 -0.142617 -0.043350
1769097957.993825 9.757511 -0.142313 -0.035578
1769097958.048820 9.761750 -0.141973 -0.028034
1769097959.693816 9.772083 -0.141030 -0.018800
1769097959.758894 9.932646 -0.153866 0.005565
1769097959.823862 9.936975 -0.153404 0.006977
1769097959.893851 9.943113 -0.152723 0.007669
1769097959.958868 9.951439 -0.151814 0.008526
1769097960.028848 9.957249 -0.151162 0.010892
1769097961.673864 9.961375 -0.150712 0.015092
1769097961.728867 10.130129 -0.161304 -0.003809
1769097961.788856 10.136649 -0.160618 -0.003322
1769097961.838856 10.140704 -0.160215 -0.004411
1769097961.888862 10.144986 -0.159791 -0.003807
1769097961.938869 10.151428 -0.159105 -0.004006
1769097963.538924 10.199922 -0.153958 -0.004558
1769097963.593884 10.302827 -0.163276 -0.013492
1769097963.668906 10.312975 -0.162251 -0.018045
1769097963.718913 10.319223 -0.161644 -0.018529
1769097963.773894 10.323408 -0.161270 -0.021277
1769097963.823908 10.327594 -0.160904 -0.021982
1769097963.878921 10.333821 -0.160327 -0.020520
1769097965.578923 10.387297 -0.155513 -0.021725
1769097965.628915 10.493310 -0.171700 -0.046322
1769097965.693995 10.499562 -0.171133 -0.047247
1769097965.748919 10.503871 -0.170761 -0.055322
1769097965.798895 10.507884 -0.170454 -0.060087
1769097965.853907 10.518413 -0.169656 -0.059853
1769097965.903913 10.518422 -0.169743 -0.059926
1769097965.954002 10.518441 -0.169915 -0.060070
1769097967.593970 10.680714 -0.187157 -0.061504
1769097967.653946 10.691275 -0.186421 -0.060134
1769097967.713923 10.691287 -0.186530 -0.059444
1769097967.763949 10.701759 -0.185685 -0.058420
1769097967.818911 10.701773 -0.185806 -0.057444
1769097967.863960 10.716578 -0.184554 -0.054534
1769097967.918936 10.720824 -0.184275 -0.054612
1769097969.563940 10.771356 -0.179852 -0.014913
1769097969.614055 10.889300 -0.159012 0.115873
1769097969.674041 10.889333 -0.159235 0.119954
1769097969.728968 10.899249 -0.156672 0.123992
1769097969.778965 10.903267 -0.155731 0.125868
1769097969.828961 10.907164 -0.154820 0.129639
1769097969.878984 10.911298 -0.153823 0.131652
1769097971.673985 10.965129 -0.140493 0.126826
1769097971.733994 11.108352 -0.128868 0.148412
1769097971.818979 11.114217 -0.127495 0.146029
1769097971.878982 11.124089 -0.124899 0.145068
1769097971.929047 11.128012 -0.123953 0.142409
1769097971.979088 11.131866 -0.123031 0.140489
1769097973.619051 11.289539 -0.108893 0.140544
1769097973.679055 11.295508 -0.107425 0.141645
1769097973.734015 11.299542 -0.106463 0.142861
1769097973.784007 11.303527 -0.105512 0.144430
1769097973.834023 11.309609 -0.103988 0.144037
1769097973.884075 11.313512 -0.103047 0.142156
1769097973.934071 11.319398 -0.101583 0.139804
1769097975.604023 11.367084 -0.090151 0.135000
1769097975.654119 11.500772 -0.086550 0.135185
1769097975.719012 11.504572 -0.085663 0.136911
1769097975.769044 11.510742 -0.084168 0.136787
1769097975.819034 11.514705 -0.083225 0.135958
1769097975.874050 11.518573 -0.082308 0.136560
1769097975.924036 11.524520 -0.080862 0.136845
1769097977.619084 11.573259 -0.069203 0.129507
1769097977.669076 11.696468 -0.065728 0.128436
1769097977.729064 11.700361 -0.064822 0.127511
1769097977.779047 11.704525 -0.063849 0.125943
1769097977.834049 11.710543 -0.062445 0.127216
1769097977.884078 11.714636 -0.061493 0.128157
1769097977.939050 11.718683 -0.060552 0.130160
1769097979.629081 11.767777 -0.048944 0.124477
1769097979.679072 11.894897 -0.046370 0.123305
1769097979.739166 11.898887 -0.045440 0.121425
1769097979.789108 11.903178 -0.044443 0.120647
1769097979.844071 11.909449 -0.043002 0.121976
1769097979.894105 11.913438 -0.042072 0.120641
1769097979.944123 11.917605 -0.041102 0.121696
1769097981.639152 11.966704 -0.029543 0.117431
1769097981.714106 12.094997 -0.031232 0.114381
1769097981.794111 12.099294 -0.030254 0.114668
1769097981.844147 12.105495 -0.028864 0.115598
1769097981.899163 12.109738 -0.027892 0.115556
1769097981.949141 12.113977 -0.026915 0.115604
1769097982.004105 12.124394 -0.024541 0.119571
1769097983.624154 12.281929 -0.021100 0.103452
1769097983.684218 12.288374 -0.019889 0.098091
1769097983.739122 12.292674 -0.019083 0.091980
1769097983.789129 12.296903 -0.018318 0.086143
1769097983.839146 12.303319 -0.017218 0.082238
1769097983.894152 12.307614 -0.016493 0.080558
1769097983.949135 12.311679 -0.015817 0.077140
1769097985.649190 12.497840 -0.013634 -0.075417
1769097985.714164 12.506303 -0.013694 -0.084253
1769097985.779172 12.512648 -0.013796 -0.089979
1769097985.839148 12.516538 -0.013865 -0.091738
1769097985.909156 12.527331 -0.014149 -0.097192
1769097985.999147 12.531525 -0.014267 -0.099630
1769097986.069168 12.542238 -0.014639 -0.106164
1769097987.849174 12.546404 -0.014790 -0.110162
1769097987.899152 12.709050 -0.053248 -0.294522
1769097987.989179 12.717097 -0.055028 -0.299492
1769097988.059176 12.727452 -0.057376 -0.306620
1769097989.694195 12.731449 -0.058300 -0.310779
1769097989.744230 12.878224 -0.117082 -0.463358
1769097989.804272 12.887818 -0.120998 -0.471748
1769097989.859212 12.891599 -0.122576 -0.475556
1769097989.914192 12.897402 -0.125015 -0.479950
1769097989.969224 12.901270 -0.126655 -0.483106
1769097990.024210 12.905039 -0.128276 -0.486070
1769097991.664311 13.060496 -0.214528 -0.640699
1769097991.729237 13.063914 -0.216725 -0.643026
1769097991.784253 13.067356 -0.218948 -0.645570
1769097991.839295 13.072457 -0.222249 -0.650400
1769097991.894238 13.072500 -0.222217 -0.655038
1769097991.949233 13.081185 -0.228002 -0.659868
1769097992.004223 13.088042 -0.232576 -0.671588
1769097993.644249 13.199393 -0.343426 -0.831646
1769097993.709266 13.207185 -0.350762 -0.840304
1769097993.769232 13.210304 -0.353734 -0.843767
1769097993.824259 13.214568 -0.357836 -0.849288
1769097993.879241 13.217561 -0.360737 -0.853311
1769097993.939239 13.220650 -0.363746 -0.858015
1769097993.999272 13.225185 -0.368223 -0.864522
1769097995.699274 13.292159 -0.527872 -0.959996
1769097995.779261 13.299123 -0.535953 -0.958707
1769097995.839288 13.301911 -0.539164 -0.958110
1769097995.899250 13.304633 -0.542337 -0.955971
1769097995.949296 13.308833 -0.547145 -0.957567
1769097996.034255 13.314320 -0.553468 -0.958482
1769097997.794296 13.318462 -0.558257 -0.958730
1769097997.849308 13.418574 -0.691363 -0.988399
1769097997.914310 13.422543 -0.695959 -0.987661
1769097997.974312 13.429136 -0.703920 -0.986026
1769097998.029303 13.431871 -0.707116 -0.986139
1769097999.609326 13.431928 -0.707053 -0.986301
1769097999.664330 13.517518 -0.836872 -0.998732
1769097999.734332 13.520277 -0.840177 -0.999803
1769097999.789348 13.527118 -0.848456 -1.001415
1769097999.844338 13.527180 -0.848430 -1.003055
1769097999.899339 13.527248 -0.848398 -1.004678
1769097999.959331 13.568048 -0.897789 -1.013883
1769098001.554404 13.570789 -0.901078 -1.015475
1769098001.614419 13.627289 -0.995616 -1.025388
1769098001.689359 13.631360 -1.000673 -1.024266
1769098001.744331 13.634188 -1.004076 -1.025104
1769098001.799354 13.636845 -1.007307 -1.024620
1769098001.854361 13.643460 -1.015395 -1.024246
1769098001.914334 13.646089 -1.018610 -1.021827
1769098001.979359 13.649977 -1.023346 -1.022763
1769098003.614406 13.725157 -1.175815 -1.025936
1769098003.689446 13.727914 -1.179252 -1.025184
1769098003.759387 13.734356 -1.187249 -1.026326
1769098003.819388 13.737013 -1.190531 -1.026251
1769098003.879373 13.740923 -1.195440 -1.024610
1769098003.934369 13.743738 -1.198836 -1.028486
1769098003.989377 13.747584 -1.203645 -1.029767
1769098005.579391 13.819778 -1.337929 -1.045252
1769098005.644392 13.822313 -1.341295 -1.050566
1769098005.699415 13.824873 -1.344774 -1.055330
1769098005.759392 13.830979 -1.353180 -1.065228
1769098005.814395 13.833475 -1.356656 -1.070743
1769098005.869413 13.837091 -1.361795 -1.074490
1769098005.929409 13.839525 -1.365309 -1.076881
1769098005.984423 13.843176 -1.370586 -1.080153
1769098007.609441 13.918377 -1.525403 -1.225278
1769098007.674447 13.920273 -1.529344 -1.230868
1769098007.734441 13.923082 -1.535293 -1.236683
1769098007.789440 13.924886 -1.539180 -1.240987
1769098007.854438 13.929266 -1.548718 -1.252150
1769098007.919439 13.929394 -1.548736 -1.258182
1769098007.989425 13.950663 -1.598539 -1.302752
1769098009.549435 13.952267 -1.602615 -1.309085
1769098009.624448 13.968848 -1.720267 -1.421806
1769098009.689454 13.969964 -1.724568 -1.426209
1769098009.759437 13.972577 -1.734915 -1.435290
1769098009.819461 13.972659 -1.734922 -1.438220
1769098009.879460 13.975065 -1.745142 -1.441731
1769098009.939470 13.976024 -1.749119 -1.445150
1769098009.994526 13.978374 -1.759291 -1.451686
1769098011.679470 13.977129 -1.914425 -1.523115
1769098011.764490 13.978464 -1.922823 -1.521406
1769098011.824509 13.979505 -1.929134 -1.521368
1769098011.879483 13.980222 -1.933356 -1.523027
1769098011.939490 13.980858 -1.937418 -1.522079
1769098011.999480 13.981831 -1.943483 -1.520957
1769098012.054494 13.983432 -1.953474 -1.519250
1769098013.794498 13.976476 -2.124283 -1.538216
1769098013.859512 13.978031 -2.134604 -1.540538
1769098013.909517 13.978640 -2.138759 -1.540210
1769098013.964518 13.979283 -2.143029 -1.541208
1769098014.014523 13.980199 -2.149280 -1.539689
1769098015.619514 13.980869 -2.153539 -1.541143
1769098015.674525 13.975608 -2.317182 -1.558393
1769098015.754522 13.976519 -2.323548 -1.559718
1769098015.819540 13.977716 -2.332137 -1.563855
1769098015.869535 13.978572 -2.338508 -1.563510
1769098015.924533 13.979151 -2.342758 -1.564593
1769098017.619553 13.986131 -2.392636 -1.557987
1769098017.679557 13.971012 -2.515228 -1.567509
1769098017.764534 13.971890 -2.521735 -1.573751
1769098017.824543 13.973261 -2.532222 -1.573651
1769098017.879562 13.973801 -2.536497 -1.575478
1769098017.929572 13.973764 -2.536525 -1.577234
1769098019.709604 13.980901 -2.591053 -1.570958
1769098019.784603 13.961261 -2.705414 -1.579584
1769098019.874577 13.962004 -2.711884 -1.582186
1769098019.949580 13.963330 -2.722511 -1.584524
1769098020.024590 13.963750 -2.726813 -1.584732
1769098021.664601 13.965092 -2.737598 -1.584778
1769098021.724650 13.953723 -2.900276 -1.589979
1769098021.789627 13.954212 -2.904606 -1.591224
1769098021.849679 13.954166 -2.904623 -1.592432
1769098021.904594 13.955913 -2.919788 -1.593904
1769098021.969627 13.955858 -2.919798 -1.594455
1769098022.034677 13.957104 -2.930436 -1.596117
1769098023.769609 13.943902 -3.099510 -1.606640
1769098023.839633 13.944350 -3.103889 -1.606714
1769098023.899637 13.944777 -3.108187 -1.606559
1769098023.974632 13.945421 -3.114576 -1.608962
1769098024.029672 13.946528 -3.125110 -1.609079
1769098025.789712 13.946956 -3.129411 -1.609166
1769098025.854664 13.926945 -3.317919 -1.621708
1769098025.929677 13.927370 -3.322260 -1.622665
1769098025.989689 13.927985 -3.328586 -1.622693
1769098026.064651 13.928381 -3.332874 -1.623286
1769098027.674737 13.929408 -3.343618 -1.624942
1769098027.729655 13.912869 -3.511146 -1.593876
1769098027.794706 13.913850 -3.517580 -1.586267
1769098027.859659 13.915183 -3.525984 -1.576250
1769098027.919659 13.916287 -3.532376 -1.572907
1769098027.974656 13.916951 -3.536286 -1.569265
1769098029.584829 13.908107 -3.694945 -1.519531
1769098029.654690 13.910205 -3.705532 -1.516358
1769098029.724676 13.910056 -3.705512 -1.513382
1769098029.829682 13.913088 -3.719946 -1.509605
1769098029.924699 13.913687 -3.723848 -1.507923
1769098030.019713 13.916678 -3.737988 -1.507890
1769098031.729753 13.916528 -3.737993 -1.507894
1769098031.779740 13.915861 -3.921080 -1.525906
1769098031.849838 13.916615 -3.925200 -1.523810
1769098031.919736 13.917710 -3.931335 -1.525508
1769098031.979722 13.919802 -3.941376 -1.524019
1769098032.034733 13.920548 -3.945302 -1.526195
1769098033.659747 13.921368 -3.949573 -1.528643
1769098033.714749 13.919125 -4.115567 -1.533421
1769098033.779742 13.919864 -4.119692 -1.533658
1769098033.834839 13.920591 -4.123780 -1.531817
1769098033.889762 13.921777 -4.129945 -1.532472
1769098033.959753 13.923265 -4.138226 -1.527884
1769098034.019745 13.924497 -4.144514 -1.530375
1769098035.734777 13.925265 -4.148725 -1.528905
1769098035.789777 13.918701 -4.314023 -1.541079
1769098035.854780 13.920607 -4.324421 -1.540141
1769098035.919807 13.920543 -4.324423 -1.539098
1769098035.989789 13.922500 -4.334668 -1.539725
1769098036.074775 13.924070 -4.343152 -1.539088
1769098037.804793 13.925206 -4.349239 -1.537818
1769098037.859774 13.916265 -4.517867 -1.544998
1769098037.924836 13.918179 -4.528239 -1.544247
1769098037.979819 13.918904 -4.532245 -1.543411
1769098038.039800 13.918865 -4.532247 -1.542593
1769098039.614810 13.921587 -4.546826 -1.540345
1769098039.669835 13.913954 -4.702243 -1.542401
1769098039.739807 13.914786 -4.706204 -1.538488
1769098039.794832 13.916145 -4.712470 -1.536819
1769098039.864822 13.917966 -4.720828 -1.533525
1769098039.924819 13.919380 -4.727251 -1.531455
1769098039.979827 13.920270 -4.731327 -1.530558
1769098041.574932 13.914235 -4.882376 -1.478507
1769098041.639849 13.916000 -4.888201 -1.476411
1769098041.704850 13.918545 -4.896426 -1.466964
1769098041.759841 13.920466 -4.902543 -1.462492
1769098041.824851 13.921808 -4.906742 -1.459548
1769098041.889848 13.923104 -4.910719 -1.459791
1769098041.949836 13.925121 -4.916988 -1.457863
1769098043.604876 13.927840 -5.088977 -1.418428
1769098043.674872 13.929871 -5.095029 -1.419897
1769098043.734918 13.931226 -5.099090 -1.420120
1769098043.784935 13.932587 -5.103175 -1.420792
1769098043.844878 13.934621 -5.109329 -1.420219
1769098043.909872 13.937364 -5.117598 -1.424608
1769098043.969889 13.939309 -5.123542 -1.426796
1769098045.584933 13.956642 -5.279599 -1.420734
1769098045.664932 13.959960 -5.289466 -1.419236
1769098045.739899 13.961280 -5.293325 -1.421425
1769098045.819912 13.964700 -5.303533 -1.429080
1769098045.899915 13.965985 -5.307458 -1.431518
1769098045.979902 13.969214 -5.317462 -1.444074
1769098046.049915 13.969299 -5.317439 -1.450091
1769098047.784907 13.980329 -5.480505 -1.486017
1769098047.854954 13.981463 -5.484682 -1.487443
1769098047.909907 13.984211 -5.495004 -1.491434
1769098047.964906 13.985296 -5.499090 -1.492223
1769098048.019923 13.986391 -5.503280 -1.491018
1769098049.779982 13.988030 -5.509575 -1.492306
1769098049.834962 13.986450 -5.681226 -1.488311
1769098049.909961 13.989090 -5.691237 -1.489483
1769098049.969963 13.990134 -5.695203 -1.490134
1769098050.029964 13.991229 -5.699363 -1.491363
1769098051.794942 13.992779 -5.705340 -1.492282
1769098051.854999 13.998409 -5.881780 -1.492566
1769098051.924992 14.001036 -5.892002 -1.491603
1769098051.985011 14.002107 -5.896117 -1.491621
1769098052.054980 14.004771 -5.906432 -1.492759
1769098053.780009 14.005861 -5.910645 -1.494253
1769098053.840023 14.004577 -6.074752 -1.498222
1769098053.915013 14.007107 -6.084686 -1.496062
1769098053.975024 14.007112 -6.084686 -1.495301
1769098054.040018 14.009730 -6.094908 -1.494522
1769098055.750097 14.010816 -6.099150 -1.493706
1769098055.815036 14.016783 -6.278266 -1.503772
1769098055.890046 14.016761 -6.278273 -1.502545
1769098055.960044 14.017763 -6.282328 -1.501357
1769098056.020031 14.017743 -6.282334 -1.500789
1769098057.715108 14.021367 -6.296452 -1.499644
1769098057.775077 14.024186 -6.462340 -1.509537
1769098057.840061 14.024198 -6.462336 -1.510034
1769098057.900081 14.024213 -6.462332 -1.510528
1769098057.965080 14.024249 -6.462321 -1.511504
1769098058.020063 14.024270 -6.462315 -1.511986
1769098059.720072 14.024293 -6.462309 -1.512465
1769098059.780068 14.030845 -6.663492 -1.512172
1769098059.855113 14.034338 -6.678063 -1.508342
1769098059.930103 14.034372 -6.678057 -1.504921
1769098060.005112 14.037951 -6.692631 -1.502505
1769098061.730126 14.037988 -6.692622 -1.502239
1769098061.790107 14.036666 -6.853651 -1.513615
1769098061.855127 14.040202 -6.868527 -1.510098
1769098061.910126 14.040184 -6.868532 -1.508486
1769098061.970130 14.042726 -6.879011 -1.507984
1769098062.035110 14.043666 -6.882897 -1.508291
1769098063.830173 14.046091 -6.892884 -1.507398
1769098063.885140 14.040565 -7.066893 -1.525643
1769098063.955134 14.041536 -7.071190 -1.525853
1769098064.015219 14.043984 -7.081485 -1.524499
1769098065.835163 14.044956 -7.085650 -1.523744
1769098065.895178 14.045381 -7.273556 -1.527453
1769098065.965172 14.047801 -7.284039 -1.527637
1769098066.025190 14.047782 -7.284044 -1.526236
1769098067.740219 14.049669 -7.292156 -1.525411
1769098067.800194 14.045101 -7.467381 -1.532084
1769098067.885208 14.046068 -7.471678 -1.534477
1769098067.940212 14.048563 -7.482196 -1.534295
1769098068.000208 14.049483 -7.486427 -1.535308
1769098069.650195 14.051946 -7.496822 -1.535127
1769098069.715210 14.048629 -7.655465 -1.533430
1769098069.780227 14.051110 -7.665802 -1.535221
1769098069.845255 14.052080 -7.669968 -1.538031
1769098069.900220 14.054505 -7.680475 -1.542306
1769098069.965207 14.055473 -7.684746 -1.543660
1769098070.030232 14.055443 -7.684753 -1.544937
1769098071.580251 14.049676 -7.849088 -1.547091
1769098071.650241 14.052070 -7.859395 -1.544183
1769098071.705251 14.053023 -7.863513 -1.545105
1769098071.760235 14.053978 -7.867656 -1.547102
1769098071.815259 14.053970 -7.867658 -1.549066
1769098071.870242 14.056378 -7.878116 -1.550515
1769098071.925268 14.057324 -7.882288 -1.551271
1769098073.515264 14.068699 -7.932419 -1.553125
1769098073.570353 14.044565 -8.039058 -1.552326
1769098073.635296 14.046951 -8.049469 -1.553294
1769098073.690286 14.047907 -8.053638 -1.553360
1769098073.750255 14.047913 -8.053637 -1.553413
1769098073.805270 14.051196 -8.068075 -1.555280
1769098073.860271 14.051202 -8.068073 -1.556351
1769098075.520318 14.064435 -8.127096 -1.563487
1769098075.575285 14.043741 -8.240705 -1.555920
1769098075.640313 14.043811 -8.240688 -1.555661
1769098075.700285 14.046067 -8.250920 -1.557171
1769098075.755284 14.047070 -8.254946 -1.556364
1769098075.810271 14.049343 -8.265330 -1.556508
1769098075.870294 14.050260 -8.269351 -1.554411
1769098077.530327 14.062515 -8.323940 -1.562495
1769098077.585322 14.043265 -8.436569 -1.556389
1769098077.665322 14.045536 -8.446770 -1.556234
1769098077.720305 14.046465 -8.450866 -1.555300
1769098077.775295 14.047781 -8.456796 -1.556800
1769098077.830329 14.047879 -8.456774 -1.558371
1769098077.885350 14.049992 -8.466700 -1.557478
1769098079.495362 14.061622 -8.519167 -1.564907
1769098079.555326 14.040530 -8.630038 -1.559140
1769098079.620357 14.041429 -8.634139 -1.557164
1769098079.675350 14.042357 -8.638340 -1.556228
1769098079.730367 14.043268 -8.642415 -1.556445
1769098079.785376 14.044585 -8.648551 -1.555370
1769098079.840364 14.045485 -8.652601 -1.552705
1769098081.680503 14.058306 -8.711294 -1.557985
1769098081.735405 14.036842 -8.830419 -1.564132
1769098081.820456 14.038960 -8.840317 -1.560157
1769098081.875390 14.039885 -8.844520 -1.559984
1769098081.930411 14.040762 -8.848474 -1.560041
1769098081.990421 14.042080 -8.854662 -1.558324
1769098082.050383 14.043929 -8.863042 -1.559384
1769098083.780384 14.030287 -9.020580 -1.563998
1769098083.845398 14.032457 -9.031220 -1.563753
1769098083.895402 14.033366 -9.035375 -1.563850
1769098083.950415 14.035594 -9.045770 -1.563698
1769098084.005481 14.036502 -9.049924 -1.562955
1769098085.615458 14.036590 -9.049905 -1.562190
1769098085.675431 14.026450 -9.209092 -1.567250
1769098085.740443 14.026500 -9.209083 -1.567653
1769098085.795444 14.028686 -9.219821 -1.566646
1769098085.850435 14.029581 -9.224006 -1.567994
1769098085.900423 14.031790 -9.234535 -1.568561
1769098085.955460 14.032680 -9.238668 -1.569458
1769098087.540550 14.018454 -9.394070 -1.574630
1769098087.605453 14.019405 -9.398215 -1.573467
1769098087.655446 14.021615 -9.409002 -1.573965
1769098087.710459 14.021672 -9.408991 -1.574446
1769098087.760499 14.023855 -9.419705 -1.575471
1769098087.815454 14.024744 -9.423939 -1.574219
1769098087.865481 14.025642 -9.428199 -1.574101
1769098089.595497 14.037071 -9.482238 -1.569961
1769098089.650486 14.007844 -9.604131 -1.545387
1769098089.710489 14.009057 -9.608371 -1.540957
1769098089.770491 14.011858 -9.618843 -1.540591
1769098089.825456 14.013034 -9.623091 -1.540721
1769098089.880482 14.014158 -9.627169 -1.539929
1769098089.940494 14.015875 -9.633474 -1.541286
1769098091.695503 14.029021 -9.680668 -1.535330
1769098091.760519 14.008721 -9.822294 -1.519286
1769098091.825529 14.008782 -9.822281 -1.522643
1769098091.880502 14.009937 -9.826456 -1.524633
1769098091.935519 14.012690 -9.836909 -1.524375
1769098091.990527 14.012740 -9.836898 -1.524026
1769098093.655572 14.014149 -10.002712 -1.526431
1769098093.720527 14.014160 -10.002709 -1.527105
1769098093.770532 14.016992 -10.013061 -1.529925
1769098093.820547 14.018122 -10.017213 -1.530910
1769098093.875534 14.018137 -10.017209 -1.531834
1769098093.925568 14.020934 -10.027649 -1.531818
1769098093.985546 14.022065 -10.031853 -1.532654
1769098095.595560 14.014543 -10.182121 -1.528945
1769098095.660574 14.015619 -10.186181 -1.528959
1769098095.710557 14.018416 -10.196410 -1.532157
1769098095.765539 14.019522 -10.200541 -1.533216
1769098095.815580 14.019512 -10.200543 -1.534228
1769098095.865591 14.022268 -10.210836 -1.534190
1769098095.925576 14.023377 -10.214993 -1.535611
1769098097.580579 14.034921 -10.258673 -1.540024
1769098097.635578 14.012566 -10.368478 -1.535340
1769098097.695576 14.015279 -10.378651 -1.536435
1769098097.745678 14.016376 -10.382706 -1.538666
1769098097.815585 14.019080 -10.392960 -1.539001
1769098097.865620 14.020192 -10.397169 -1.539160
1769098097.920589 14.020206 -10.397166 -1.539318
1769098099.795649 14.034255 -10.451206 -1.545157
1769098099.865618 14.017291 -10.598752 -1.537448
1769098099.930720 14.017267 -10.598758 -1.536746
1769098099.985629 14.020033 -10.609154 -1.536023
1769098100.035706 14.021136 -10.613338 -1.537530
1769098101.730705 14.021116 -10.613342 -1.539013
1769098101.785634 14.028365 -10.788390 -1.537142
1769098101.850654 14.029984 -10.794478 -1.536480
1769098101.900746 14.032644 -10.804509 -1.535255
1769098101.955664 14.033734 -10.808616 -1.537699
1769098102.015660 14.034855 -10.812848 -1.540471
1769098103.675754 14.018914 -10.956973 -1.545417
1769098103.735744 14.018867 -10.956987 -1.543589
1769098103.790672 14.021558 -10.967269 -1.542322
1769098103.840687 14.022587 -10.971263 -1.542269
1769098103.890735 14.022552 -10.971272 -1.542256
1769098103.945775 14.025281 -10.981624 -1.542173
1769098104.000676 14.027399 -10.989832 -1.545579
1769098105.570637 14.025746 -11.144508 -1.547579
1769098105.635677 14.026767 -11.148689 -1.546096
1769098105.690682 14.027791 -11.152842 -1.545359
1769098105.745675 14.029336 -11.159004 -1.544312
1769098105.800670 14.030367 -11.163157 -1.543271
1769098105.855650 14.032979 -11.173514 -1.541934
1769098105.910661 14.037609 -11.191895 -1.545724
1769098107.535737 14.044810 -11.221067 -1.544706
1769098107.590722 14.033818 -11.366421 -1.549281
1769098107.670721 14.036296 -11.376632 -1.547458
1769098107.725715 14.037257 -11.380646 -1.546550
1769098107.780719 14.037188 -11.380665 -1.545633
1769098107.835697 14.039803 -11.391020 -1.546234
1769098107.915731 14.052430 -11.442526 -1.546986
1769098109.645744 14.053460 -11.446809 -1.547066
1769098109.710737 14.026733 -11.570384 -1.561281
1769098109.775755 14.028949 -11.580737 -1.565029
1769098109.835770 14.029795 -11.584933 -1.569354
1769098109.890749 14.029754 -11.584941 -1.573503
1769098109.945744 14.031818 -11.595196 -1.577340
1769098110.000757 14.032613 -11.599403 -1.581181
1769098111.615758 14.011168 -11.769160 -1.725240
1769098111.680760 14.011175 -11.769160 -1.730132
1769098111.740752 14.011407 -11.779939 -1.733320
1769098111.795757 14.011481 -11.784244 -1.736595
1769098111.855785 14.011608 -11.794697 -1.742020
1769098111.910757 14.011602 -11.794699 -1.743984
1769098111.965777 14.011629 -11.798904 -1.747742
1769098113.590799 13.976828 -11.967930 -1.904555
1769098113.660801 13.974489 -11.982437 -1.909691
1769098113.735794 13.973793 -11.986615 -1.913298
1769098113.795800 13.973080 -11.990811 -1.916225
1769098113.865805 13.971965 -11.997106 -1.920609
1769098113.920799 13.970158 -12.007271 -1.924339
1769098113.975807 13.969358 -12.011513 -1.929058
1769098115.500805 13.906641 -12.138842 -2.074708
1769098115.570826 13.903211 -12.148840 -2.079849
1769098115.620831 13.901780 -12.152835 -2.083163
1769098115.675827 13.901735 -12.152852 -2.086286
1769098115.730829 13.898179 -12.162815 -2.091346
1769098115.785839 13.896690 -12.166820 -2.095598
1769098115.840827 13.896646 -12.166841 -2.099641
1769098115.945826 13.874328 -12.222360 -2.147701
1769098117.675837 13.796809 -12.321199 -2.285339
1769098117.745855 13.794669 -12.324854 -2.290108
1769098117.800850 13.789337 -12.334011 -2.296114
1769098117.860857 13.783997 -12.342873 -2.304837
1769098117.920847 13.781737 -12.346580 -2.309298
1769098117.980860 13.781689 -12.346609 -2.313622
1769098118.035873 13.779469 -12.350214 -2.319425
1769098119.655869 13.642300 -12.458248 -2.474183
1769098119.725882 13.639578 -12.461398 -2.478806
1769098119.775885 13.635438 -12.466096 -2.483650
1769098119.830877 13.635470 -12.466160 -2.488233
1769098119.890862 13.628461 -12.473931 -2.495251
1769098119.945887 13.625597 -12.477099 -2.500254
1769098119.995897 13.625633 -12.477168 -2.505030
1769098121.635893 13.490530 -12.563498 -2.668138
1769098121.700896 13.478916 -12.572745 -2.680583
1769098121.755893 13.475573 -12.575349 -2.684799
1769098121.805917 13.470707 -12.579081 -2.690452
1769098121.860995 13.470714 -12.579168 -2.695777
1769098121.910955 13.462471 -12.585314 -2.701970
1769098121.965912 13.458976 -12.587930 -2.707664
1769098123.615920 13.311213 -12.639860 -2.857353
1769098123.675950 13.307417 -12.641912 -2.862358
1769098123.730964 13.307415 -12.642006 -2.867186
1769098123.781026 13.297906 -12.646902 -2.873030
1769098123.840914 13.294078 -12.648911 -2.878899
1769098123.900923 13.284668 -12.653638 -2.889643
1769098123.970926 13.239762 -12.674379 -2.931424
1769098125.580945 13.235987 -12.676066 -2.934483
1769098125.635966 13.113926 -12.678253 -3.059606
1769098125.695964 13.113925 -12.678366 -3.063830
1769098125.745990 13.102810 -12.681714 -3.070920
1769098125.800969 13.091609 -12.685047 -3.084105
1769098125.850966 13.086940 -12.686432 -3.091736
1769098125.975973 13.028806 -12.701237 3.139141
1769098127.705994 13.024111 -12.702361 3.131720
1769098127.791000 12.874789 -12.677161 3.032776
1769098127.865989 12.863490 -12.678489 3.033007
1769098127.921012 12.858912 -12.678993 3.034592
1769098127.975987 12.858957 -12.679025 3.036186
1769098128.026019 12.847344 -12.680357 3.036587
1769098129.731088 12.842789 -12.680917 3.036294
1769098129.781029 12.655715 -12.669428 3.048616
1769098129.841045 12.655740 -12.669435 3.049895
1769098129.891024 12.644137 -12.670867 3.051562
1769098129.941022 12.639596 -12.671455 3.052957
1769098129.991123 12.639620 -12.671454 3.054276
1769098130.046020 12.628151 -12.672937 3.054393
1769098131.721065 12.452943 -12.644461 -3.118506
1769098131.781073 12.453000 -12.644378 -3.114102
1769098131.836054 12.441872 -12.647453 -3.112751
1769098131.891056 12.437387 -12.648653 -3.107926
1769098131.946059 12.437450 -12.648580 -3.103294
1769098131.996063 12.426333 -12.651745 -3.097192
1769098132.046064 12.421793 -12.653079 -3.093219
1769098133.751076 12.237872 -12.640963 -3.075072
1769098133.811090 12.233524 -12.642251 -3.072673
1769098133.866083 12.233564 -12.642272 -3.070318
1769098133.921094 12.222289 -12.645726 -3.072216
1769098133.986086 12.217817 -12.647088 -3.071469
1769098134.041099 12.217841 -12.647161 -3.070715
1769098135.666104 12.206605 -12.650498 -3.070533
1769098135.716104 12.025539 -12.663157 -3.059582
1769098135.776191 12.025556 -12.663147 -3.058263
1769098135.831124 12.014290 -12.666662 -3.061581
1769098135.881131 12.014262 -12.666780 -3.064940
1769098135.936119 12.010084 -12.668100 -3.066732
1769098137.576123 11.952021 -12.685610 -3.068075
1769098137.631124 11.839919 -12.684554 -3.053780
1769098137.696143 11.835803 -12.685841 -3.053878
1769098137.756119 11.825006 -12.689166 -3.053312
1769098137.806213 11.820554 -12.690542 -3.052373
1769098137.861126 11.816069 -12.691898 -3.050460
1769098137.916144 11.809536 -12.693891 -3.048704
1769098139.596161 11.762034 -12.708457 -3.054381
1769098139.651174 11.621099 -12.701998 -3.052861
1769098139.731163 11.616581 -12.703465 -3.053759
1769098139.786173 11.609865 -12.705538 -3.051600
1769098139.836184 11.605564 -12.706935 -3.052980
1769098139.896190 11.605557 -12.706996 -3.054419
1769098139.951187 11.589566 -12.712008 -3.059509
1769098141.601235 11.418363 -12.711988 -3.048290
1769098141.666195 11.413889 -12.713425 -3.048148
1769098141.716188 11.409313 -12.714901 -3.049406
1769098141.766189 11.409311 -12.714972 -3.050668
1769098141.816184 11.398048 -12.718443 -3.051854
1769098141.866184 11.393506 -12.719912 -3.055752
1769098141.921193 11.386754 -12.721944 -3.054442
1769098143.661196 11.335599 -12.737820 -3.050715
1769098143.721239 11.173745 -12.725590 -3.042530
1769098143.786242 11.166940 -12.727753 -3.045769
1769098143.846231 11.162487 -12.729115 -3.043480
1769098143.901271 11.151285 -12.732600 -3.040333
1769098143.961229 11.146727 -12.734016 -3.040542
1769098145.576269 10.994243 -12.738445 -3.040794
1769098145.646226 10.983046 -12.742016 -3.041671
1769098145.696256 10.978450 -12.743480 -3.043149
1769098145.751259 10.973932 -12.744899 -3.044059
1769098145.801255 10.962445 -12.748472 -3.044948
1769098145.851260 10.962448 -12.748421 -3.043321
1769098145.906243 10.951120 -12.751934 -3.043513
1769098147.561259 10.900230 -12.767811 -3.034941
1769098147.621252 10.756210 -12.757617 -3.040765
1769098147.691263 10.745091 -12.761206 -3.044070
1769098147.746352 10.740521 -12.762583 -3.041977
1769098147.796297 10.736054 -12.763972 -3.043552
1769098147.851290 10.729197 -12.766024 -3.043361
1769098147.906366 10.718328 -12.769494 -3.043400
1769098149.706304 10.667961 -12.785529 -3.036565
1769098149.766290 10.518805 -12.773724 -3.037068
1769098149.841293 10.514329 -12.775183 -3.038561
1769098149.891334 10.514312 -12.775135 -3.040043
1769098149.951354 10.498746 -12.780238 -3.036459
1769098150.006307 10.498734 -12.780157 -3.035522
1769098151.656379 10.487769 -12.783830 -3.035561
1769098151.711330 10.314042 -12.800724 -3.043652
1769098151.771368 10.309594 -12.802158 -3.041994
1769098151.826324 10.309593 -12.802124 -3.040335
1769098151.881345 10.298660 -12.805710 -3.037783
1769098151.936342 10.294549 -12.807051 -3.037188
1769098151.991350 10.294543 -12.807021 -3.036859
1769098153.656384 10.116413 -12.809959 -3.037391
1769098153.731373 10.116419 -12.809978 -3.036896
1769098153.786338 10.105480 -12.813550 -3.033011
1769098153.841357 10.101132 -12.815006 -3.031564
1769098153.896369 10.101137 -12.815008 -3.030222
1769098153.951312 10.085707 -12.820234 -3.028148
1769098154.006357 10.085713 -12.820256 -3.027853
1769098155.731399 9.865164 -12.832860 -3.033956
1769098155.801388 9.860666 -12.834410 -3.034166
1769098155.866393 9.849662 -12.838239 -3.037130
1769098155.926379 9.845547 -12.839632 -3.035172
1769098155.981396 9.841120 -12.841146 -3.034583
1769098156.036402 9.834495 -12.843425 -3.034667
1769098157.666448 9.830091 -12.844940 -3.036356
1769098157.721407 9.659001 -12.859462 -3.040734
1769098157.781412 9.658996 -12.859448 -3.041517
1769098157.836397 9.647996 -12.863252 -3.040398
1769098157.896398 9.643640 -12.864751 -3.040376
1769098157.951423 9.632540 -12.868573 -3.039573
1769098158.011400 9.628020 -12.870153 -3.042728
1769098159.651446 9.470558 -12.879213 -3.044608
1769098159.736444 9.466202 -12.880711 -3.041718
1769098159.791455 9.461852 -12.882229 -3.040403
1769098159.846443 9.455108 -12.884573 -3.039808
1769098159.896448 9.450665 -12.886139 -3.041545
1769098159.951435 9.450675 -12.886179 -3.043271
1769098160.001448 9.439338 -12.890112 -3.044271
1769098161.826448 9.238077 -12.897958 -3.033888
1769098161.891455 9.238084 -12.897989 -3.038073
1769098161.941489 9.226940 -12.901856 -3.040708
1769098162.006472 9.217994 -12.904943 -3.038422
1769098163.761581 9.217998 -12.904957 -3.038701
1769098163.811485 9.027046 -12.921434 -3.031512
1769098163.871508 9.015879 -12.925304 -3.027850
1769098163.921510 9.011437 -12.926864 -3.027126
1769098163.986494 9.011436 -12.926860 -3.026461
1769098164.036471 9.000242 -12.930812 -3.026639
1769098165.616550 8.839498 -12.937173 -3.025413
1769098165.676533 8.835045 -12.938776 -3.026779
1769098165.731520 8.828352 -12.941182 -3.026763
1769098165.781530 8.823798 -12.942802 -3.026054
1769098165.841590 8.823791 -12.942783 -3.025363
1769098165.896534 8.812593 -12.946795 -3.025224
1769098165.961535 8.808152 -12.948354 -3.026551
1769098167.666613 8.629765 -12.951484 -3.029173
1769098167.726563 8.629764 -12.951480 -3.028718
1769098167.781552 8.618600 -12.955446 -3.026897
1769098167.831567 8.614286 -12.956986 -3.028736
1769098167.881556 8.614286 -12.956983 -3.030524
1769098167.936564 8.609899 -12.958545 -3.031009
1769098167.986570 8.599073 -12.962401 -3.028701
1769098169.726600 8.397435 -12.971363 -3.023155
1769098169.791583 8.386399 -12.975302 -3.023169
1769098169.841592 8.382125 -12.976806 -3.020282
1769098169.896580 8.382109 -12.976766 -3.017490
1769098169.946582 8.371085 -12.980740 -3.014305
1769098170.006583 8.366734 -12.982246 -3.013871
1769098171.761601 8.158164 -13.001131 -3.025962
1769098171.836585 8.153769 -13.002676 -3.022895
1769098171.891601 8.147578 -13.004904 -3.023315
1769098171.946614 8.147560 -13.004850 -3.023757
1769098171.996608 8.136789 -13.008777 -3.025472
1769098172.056611 8.132318 -13.010327 -3.025823
1769098173.791656 7.953105 -13.013759 -3.024932
1769098173.856646 7.948725 -13.015253 -3.027952
1769098173.911630 7.937870 -13.019309 -3.028939
1769098173.961659 7.933418 -13.020917 -3.026699
1769098174.011657 7.933388 -13.020840 -3.024544
1769098175.696776 7.922272 -13.025000 -3.024476
1769098175.766653 7.748384 -13.029511 -3.030649
1769098175.841681 7.737490 -13.033674 -3.033650
1769098175.896641 7.737480 -13.033638 -3.036692
1769098175.946669 7.726707 -13.037701 -3.038261
1769098175.996758 7.722247 -13.039355 -3.040279
1769098176.051679 7.711402 -13.043369 -3.046240
1769098177.746684 7.538360 -13.047659 -3.024255
1769098177.811650 7.523035 -13.053426 -3.026540
1769098177.861655 7.518576 -13.055093 -3.025518
1769098177.916664 7.511987 -13.057561 -3.026481
1769098177.966660 7.507502 -13.059226 -3.026125
1769098178.021647 7.507500 -13.059222 -3.025759
1769098179.846703 7.329086 -13.064949 -3.012649
1769098179.911714 7.324600 -13.066671 -3.016519
1769098179.961724 7.313421 -13.070952 -3.019474
1769098180.011725 7.308871 -13.072667 -3.017849
1769098181.651769 7.308863 -13.072650 -3.016180
1769098181.711748 7.120615 -13.094872 -3.015340
1769098181.776780 7.109526 -13.099312 -3.017143
1769098181.826725 7.109494 -13.099225 -3.018853
1769098181.876749 7.109466 -13.099147 -3.020549
1769098181.931742 7.094262 -13.105178 -3.019819
1769098181.981749 7.094221 -13.105075 -3.018857
1769098182.036740 7.089751 -13.106774 -3.020684
1769098183.686747 6.906298 -13.113936 -3.016337
1769098183.751778 6.901951 -13.115611 -3.017482
1769098183.801778 6.890885 -13.119915 -3.018340
1769098183.856807 6.886437 -13.121609 -3.018048
1769098183.906827 6.886386 -13.121483 -3.017758
1769098183.961770 6.875535 -13.125836 -3.016213
1769098184.011778 6.871125 -13.127545 -3.018738
1769098185.646789 6.705899 -13.127064 -3.007295
1769098185.711800 6.690479 -13.133167 -3.006042
1769098185.786784 6.690455 -13.133113 -3.004380
1769098185.846804 6.679428 -13.137519 -3.003328
1769098185.896874 6.675001 -13.139257 -3.004139
1769098185.961808 6.664097 -13.143555 -3.004977
1769098186.011804 6.659801 -13.145226 -3.003578
1769098187.586818 6.480795 -13.156720 -2.999525
1769098187.646827 6.474101 -13.159422 -2.998914
1769098187.701818 6.469609 -13.161211 -2.999627
1769098187.751829 6.458656 -13.165592 -3.000952
1769098187.806831 6.454302 -13.167316 -3.002250
1769098187.856842 6.454276 -13.167251 -3.003470
1769098187.981813 6.393743 -13.191755 -2.997395
1769098189.636860 6.393722 -13.191693 -3.000551
1769098189.691855 6.246649 -13.182964 -3.004266
1769098189.766852 6.235929 -13.187243 -3.004127
1769098189.821860 6.231641 -13.188940 -3.000204
1769098189.876856 6.227313 -13.190665 -2.996851
1769098189.936852 6.220869 -13.193294 -2.995606
1769098189.991849 6.201393 -13.201226 -2.997883
1769098191.706879 6.058773 -13.203820 -3.000250
1769098191.771878 6.054456 -13.205572 -2.998228
1769098191.821886 6.054437 -13.205533 -2.996273
1769098191.876884 6.043659 -13.210001 -2.995832
1769098191.931874 6.039447 -13.211733 -2.997020
1769098191.981884 6.039438 -13.211710 -2.998200
1769098192.036872 6.028653 -13.216171 -2.996776
1769098193.731900 5.844952 -13.225633 -3.007088
1769098193.801909 5.834308 -13.230026 -3.006460
1769098193.856926 5.829985 -13.231821 -3.006533
1769098193.911898 5.829996 -13.231848 -3.006618
1769098193.976921 5.819235 -13.236283 -3.006579
1769098194.031921 5.814889 -13.238093 -3.005305
1769098195.746941 5.814898 -13.238119 -3.004066
1769098195.801939 5.612281 -13.262312 -3.009786
1769098195.866935 5.607879 -13.264183 -3.008982
1769098195.926942 5.607909 -13.264256 -3.008223
1769098195.981931 5.597011 -13.268762 -3.010635
1769098196.036960 5.592564 -13.270650 -3.014290
1769098197.781989 5.592608 -13.270745 -3.017824
1769098197.831973 5.401888 -13.276361 -3.005893
1769098197.891997 5.401919 -13.276440 -3.004194
1769098197.946975 5.391076 -13.280953 -3.006534
1769098198.001985 5.386772 -13.282792 -3.007571
1769098199.672003 5.375845 -13.287372 -3.004436
1769098199.731995 5.183456 -13.300078 -2.998307
1769098199.797006 5.179140 -13.301960 -2.997703
1769098199.857021 5.168344 -13.306645 -2.997973
1769098199.911987 5.163985 -13.308557 -2.997457
1769098199.977017 5.164019 -13.308637 -2.996918
1769098201.617068 5.007693 -13.324141 -2.999479
1769098201.682043 5.007739 -13.324251 -2.998163
1769098201.732040 4.992947 -13.330526 -3.001651
1769098201.792058 4.986331 -13.333398 -3.003192
1769098201.852039 4.982234 -13.335399 -3.008099
1769098201.907038 4.982304 -13.335557 -3.011437
1769098201.962040 4.982380 -13.335729 -3.014746
1769098203.722070 4.807776 -13.351508 -2.998153
1769098203.787064 4.796813 -13.355986 -2.999315
1769098203.842070 4.792486 -13.357902 -2.999873
1769098203.897072 4.788124 -13.359804 -2.996014
1769098203.957079 4.777483 -13.364400 -2.992100
1769098204.022061 4.777562 -13.364592 -2.991484
1769098205.747149 4.766814 -13.369058 -2.990663
1769098205.797103 4.557078 -13.388239 -2.998228
1769098205.862088 4.546684 -13.392778 -2.995171
1769098205.912086 4.542500 -13.394651 -2.993276
1769098205.967104 4.542564 -13.394808 -2.991409
1769098206.017104 4.531999 -13.399264 -2.988322
1769098207.692172 4.528054 -13.401049 -2.988753
1769098207.742127 4.339772 -13.410943 -2.999001
1769098207.802124 4.339809 -13.411033 -2.998851
1769098207.852117 4.324878 -13.417516 -2.997987
1769098207.902133 4.320595 -13.419413 -2.994905
1769098207.952155 4.314291 -13.422184 -2.994206
1769098209.577154 4.165436 -13.430844 -3.004625
1769098209.647143 4.155047 -13.435263 -3.004111
1769098209.697144 4.150765 -13.437159 -3.006010
1769098209.747144 4.150810 -13.437265 -3.007908
1769098209.817141 4.136160 -13.443568 -3.003573
1769098209.882155 4.132001 -13.445433 -3.000998
1769098209.942163 4.125625 -13.448228 -2.999496
1769098211.652187 4.075870 -13.470231 -3.009935
1769098211.712177 3.924325 -13.460407 -3.001502
1769098211.772191 3.920076 -13.462316 -2.999815
1769098211.827191 3.920082 -13.462333 -2.998167
1769098211.882187 3.909394 -13.467136 -3.000361
1769098211.932193 3.905127 -13.469065 -3.001995
1769098211.982195 3.905142 -13.469101 -3.003576
1769098213.557228 3.728339 -13.494058 -2.997767
1769098213.617203 3.728341 -13.494064 -2.997966
1769098213.672223 3.717757 -13.498854 -2.996852
1769098213.722209 3.717757 -13.498854 -2.995787
1769098213.772220 3.707665 -13.503441 -2.997222
1769098213.822207 3.703609 -13.505283 -2.998467
1769098213.872204 3.703614 -13.505294 -2.999679
1769098215.602255 3.648153 -13.530200 -2.999037
1769098215.657213 3.518443 -13.513266 -2.998408
1769098215.727210 3.514188 -13.515218 -2.999974
1769098215.777250 3.514188 -13.515217 -3.001509
1769098215.827235 3.503695 -13.520020 -3.000386
1769098215.882227 3.499347 -13.522013 -3.000662
1769098215.932248 3.499347 -13.522014 -3.000975
1769098217.662277 3.444154 -13.547024 -3.003323
1769098217.722273 3.308433 -13.534775 -2.990864
1769098217.782271 3.304094 -13.536792 -2.991205
1769098217.832281 3.304120 -13.536849 -2.991531
1769098217.882256 3.293349 -13.541724 -2.991581
1769098217.932340 3.289076 -13.543698 -2.993888
1769098217.982275 3.289103 -13.543754 -2.996145
1769098219.637306 3.102038 -13.567687 -2.990433
1769098219.697297 3.091617 -13.572592 -2.990501
1769098219.757267 3.087330 -13.574537 -2.990548
1769098219.807307 3.076655 -13.579553 -2.992451
1769098219.867290 3.076644 -13.579524 -2.994233
1769098219.932285 3.066274 -13.584358 -2.992756
1769098219.982301 3.061893 -13.586397 -2.994797
1769098221.702332 2.888272 -13.591772 -2.970559
1769098221.762320 2.888238 -13.591698 -2.971251
1769098221.812327 2.877408 -13.596918 -2.971990
1769098221.862317 2.873029 -13.598967 -2.972119
1769098221.922318 2.872993 -13.598889 -2.972207
1769098221.982330 2.862585 -13.603876 -2.972749
1769098223.622353 2.689790 -13.623602 -2.974481
1769098223.687348 2.685458 -13.625680 -2.978089
1769098223.742348 2.681049 -13.627780 -2.980228
1769098223.792344 2.674885 -13.630732 -2.981998
1769098223.842353 2.674859 -13.630672 -2.983651
1769098223.902341 2.660001 -13.637743 -2.989723
1769098223.957356 2.659983 -13.637694 -2.993902
1769098225.727396 2.482510 -13.660315 3.139200
1769098225.787361 2.471295 -13.663388 3.134867
1769098225.837388 2.471290 -13.663371 3.131024
1769098225.887391 2.460759 -13.666155 3.126313
1769098225.942390 2.456209 -13.667300 3.124465
1769098225.992387 2.451614 -13.668461 3.118577
1769098227.587415 2.272118 -13.641222 2.951922
1769098227.642419 2.267495 -13.641607 2.945586
1769098227.692418 2.260882 -13.642119 2.941228
1769098227.747423 2.260880 -13.642128 2.937157
1769098227.797423 2.249643 -13.642909 2.931101
1769098227.847418 2.249639 -13.642922 2.925461
1769098227.912397 2.189619 -13.645046 2.870236
1769098229.612521 2.178007 -13.645068 2.867150
1769098229.662414 2.034478 -13.573253 2.740701
1769098229.717411 2.022930 -13.571764 2.735270
1769098229.767458 2.022906 -13.571737 2.731082
1769098229.817412 2.018039 -13.571070 2.726758
1769098229.877437 2.006109 -13.569334 2.723067
1769098229.927444 2.001361 -13.568611 2.717491
1769098231.652464 1.952943 -13.560786 2.713239
1769098231.702465 1.807783 -13.485105 2.690864
1769098231.762498 1.796600 -13.483275 2.690569
1769098231.807474 1.792028 -13.482531 2.689951
1769098231.862462 1.792024 -13.482540 2.689351
1769098231.912460 1.780599 -13.480650 2.688978
1769098231.962481 1.775959 -13.479881 2.688956
1769098233.602514 1.602371 -13.455310 2.768968
1769098233.677491 1.591109 -13.454392 2.773028
1769098233.737490 1.586641 -13.454058 2.776170
1769098233.792511 1.586666 -13.454064 2.779155
1769098233.862496 1.570091 -13.452912 2.791236
1769098233.922490 1.570145 -13.452926 2.797556
1769098233.972488 1.558474 -13.452287 2.806186
1769098235.617549 1.406782 -13.377181 2.964185
1769098235.677523 1.406804 -13.377207 2.966901
1769098235.727538 1.395327 -13.378494 2.971056
1769098235.777608 1.390748 -13.379050 2.974810
1769098235.837557 1.386335 -13.379603 2.978925
1769098235.892527 1.379443 -13.380471 2.982650
1769098235.947519 1.324822 -13.389210 3.040160
1769098237.662591 1.186376 -13.347290 -3.131993
1769098237.717563 1.186397 -13.347332 -3.128883
1769098237.772633 1.174769 -13.351010 -3.128351
1769098237.822545 1.170146 -13.352513 -3.129218
1769098237.872546 1.165799 -13.353922 -3.129110
1769098237.927553 1.159070 -13.356074 -3.128863
1769098237.977566 1.159074 -13.356123 -3.128556
1769098239.752584 0.967388 -13.418244 -3.119104
1769098239.822606 0.962810 -13.419712 -3.119095
1769098239.882581 0.962809 -13.419700 -3.119085
1769098239.957583 0.951759 -13.423239 -3.117562
1769098240.017593 0.940760 -13.426797 -3.115680
1769098241.762596 0.936507 -13.428163 -3.112639
1769098241.812614 0.729367 -13.410959 -3.135333
1769098241.872629 0.718227 -13.414509 -3.135285
1769098241.927603 0.718222 -13.414474 -3.135316
1769098241.977623 0.707378 -13.417918 -3.132326
1769098242.042632 0.702985 -13.419306 -3.134199
1769098243.772665 0.535103 -13.400355 3.136352
1769098243.832654 0.535095 -13.400332 3.131898
1769098243.887649 0.524214 -13.403212 3.127701
1769098243.937634 0.520071 -13.404270 3.123289
1769098243.987655 0.520065 -13.404258 3.119055
1769098244.037675 0.509028 -13.407042 3.113280
1769098245.762710 0.332052 -13.385183 2.954080
1769098245.842751 0.320718 -13.386023 2.948840
1769098245.922672 0.309387 -13.386693 2.938075
1769098245.987686 0.304649 -13.386918 2.932325
1769098246.057657 0.293001 -13.387419 2.919735
1769098247.847651 0.288185 -13.387576 2.913763
1769098247.897728 0.089097 -13.313621 2.723438
1769098247.957648 0.072898 -13.311287 2.710001
1769098248.007670 0.072882 -13.311246 2.705684
1769098249.722740 0.061058 -13.309369 2.701231
1769098249.797740 -0.082198 -13.214722 2.538376
1769098249.882735 -0.093236 -13.210831 2.531856
1769098249.952719 -0.097653 -13.209252 2.522114
1769098250.027728 -0.108494 -13.205326 2.518189
1769098251.702768 -0.112829 -13.203715 2.514977
1769098251.757748 -0.298225 -13.113773 2.342366
1769098251.812732 -0.308147 -13.108072 2.338418
1769098251.867751 -0.311999 -13.105780 2.336003
1769098251.927753 -0.312005 -13.105699 2.333736
1769098251.977750 -0.321741 -13.099965 2.329507
1769098252.027749 -0.325807 -13.097517 2.322105
1769098253.767758 -0.429251 -12.966382 2.147068
1769098253.822774 -0.438089 -12.958692 2.139936
1769098253.872777 -0.441746 -12.955461 2.133137
1769098253.917785 -0.441815 -12.955435 2.126562
1769098253.982775 -0.450434 -12.947539 2.123128
1769098254.042787 -0.453936 -12.944306 2.116914
1769098255.762837 -0.462435 -12.936303 2.105657
1769098255.812799 -0.534019 -12.782214 1.943421
1769098255.872857 -0.536912 -12.778386 1.938333
1769098255.937817 -0.541015 -12.772913 1.933458
1769098256.007843 -0.547663 -12.763870 1.923426
1769098257.687827 -0.550590 -12.759855 1.918730
1769098257.737821 -0.593492 -12.572313 1.786665
1769098257.797816 -0.599848 -12.561550 1.788564
1769098257.847819 -0.599809 -12.561553 1.790459
1769098257.892822 -0.606158 -12.550910 1.792611
1769098257.952834 -0.608764 -12.546627 1.792132
1769098259.847889 -0.644524 -12.330426 1.791579
1769098259.932874 -0.653837 -12.315229 1.789445
1769098259.997869 -0.656608 -12.310806 1.786114
1769098260.047865 -0.656717 -12.310823 1.782851
1769098261.792893 -0.663458 -12.299694 1.781413
1769098261.857909 -0.687600 -12.115569 1.811042
1769098261.917885 -0.694270 -12.104974 1.807910
1769098261.967907 -0.697074 -12.100568 1.807036
1769098262.022916 -0.697176 -12.100620 1.806235
1769098263.837982 -0.703706 -12.089978 1.808871
1769098263.907940 -0.741430 -11.887286 1.819864
1769098263.992941 -0.741464 -11.887363 1.822793
1769098264.072944 -0.751069 -11.872617 1.822174
1769098265.892956 -0.753712 -11.868561 1.822197
1769098265.947960 -0.787503 -11.651394 1.830461
1769098266.012963 -0.797260 -11.636327 1.835230
1769098267.898031 -0.797277 -11.636356 1.836305
1769098267.952990 -0.849016 -11.437432 1.835100
1769098268.008004 -0.858773 -11.422453 1.837015
1769098269.703104 -0.858781 -11.422490 1.839080
1769098269.753084 -0.893403 -11.209450 1.831651
1769098269.813020 -0.900561 -11.198726 1.835547
1769098269.863051 -0.903396 -11.194500 1.839721
1769098269.923018 -0.903378 -11.194550 1.843779
1769098269.973030 -0.910344 -11.184199 1.846037
1769098271.833035 -0.951563 -10.991608 1.836092
1769098271.888068 -0.951646 -10.991657 1.836656
1769098271.938053 -0.958923 -10.981127 1.837369
1769098271.983063 -0.961688 -10.977246 1.838683
1769098272.038063 -0.961761 -10.977299 1.839959
1769098273.813107 -0.969153 -10.966683 1.839587
1769098273.878093 -1.024200 -10.767093 1.853698
1769098273.938094 -1.031464 -10.756682 1.852726
1769098273.988088 -1.034528 -10.752410 1.848993
1769098274.043100 -1.034646 -10.752428 1.845317
1769098275.763131 -1.042144 -10.741593 1.844537
1769098275.813109 -1.087772 -10.535103 1.845358
1769098275.863123 -1.095217 -10.524455 1.845460
1769098275.913125 -1.098272 -10.520244 1.843000
1769098275.968123 -1.101095 -10.516326 1.841890
1769098276.048129 -1.105482 -10.510110 1.841776
1769098277.803141 -1.111402 -10.501834 1.842997
1769098277.853142 -1.138573 -10.291707 1.849866
1769098277.908143 -1.138613 -10.291727 1.849678
1769098277.958143 -1.144439 -10.283719 1.848650
1769098278.003155 -1.148923 -10.277517 1.849069
1769098279.678227 -1.148968 -10.277544 1.849457
1769098279.733174 -1.179692 -10.096695 1.852871
1769098279.793179 -1.187051 -10.086623 1.850783
1769098279.843164 -1.190150 -10.082464 1.847855
1769098279.893173 -1.193212 -10.078327 1.846755
1769098279.943174 -1.197624 -10.072264 1.847396
1769098279.988183 -1.200702 -10.068018 1.850938
1769098281.683219 -1.234066 -9.896458 1.858276
1769098281.738193 -1.237185 -9.892290 1.862235
1769098281.788205 -1.237251 -9.892350 1.866154
1769098281.838217 -1.245007 -9.881841 1.866764
1769098281.883211 -1.248121 -9.877716 1.867339
1769098281.933193 -1.248196 -9.877763 1.867936
1769098281.983209 -1.255700 -9.867608 1.868179
1769098283.588236 -1.297263 -9.669171 1.865406
1769098283.653216 -1.300299 -9.665174 1.863664
1769098283.698234 -1.300341 -9.665205 1.864937
1769098283.748230 -1.308052 -9.654914 1.864737
1769098283.793234 -1.308106 -9.654946 1.864591
1769098283.843229 -1.315627 -9.644946 1.867710
1769098283.903209 -1.351083 -9.598822 1.869597
1769098285.798272 -1.358965 -9.588373 1.871432
1769098285.848272 -1.385643 -9.416273 1.864328
1769098285.903257 -1.393398 -9.406050 1.863859
1769098285.953268 -1.393412 -9.406058 1.863407
1769098286.018266 -1.396522 -9.401939 1.864854
1769098287.758303 -1.404195 -9.391811 1.864900
1769098287.813261 -1.431160 -9.161755 1.875738
1769098287.868288 -1.434359 -9.157636 1.874143
1769098287.918293 -1.434406 -9.157662 1.872666
1769098287.983421 -1.442189 -9.147519 1.870675
1769098288.043303 -1.445351 -9.143436 1.871731
1769098289.873476 -1.508318 -8.950941 1.884564
1769098289.983327 -1.516068 -8.941180 1.884479
1769098290.073335 -1.523749 -8.931496 1.885199
1769098291.938431 -1.529789 -8.923903 1.885227
1769098292.008398 -1.587017 -8.701525 1.887654
1769098293.863391 -1.595146 -8.691392 1.884911
1769098293.938385 -1.646224 -8.501049 1.903004
1769098294.028427 -1.654308 -8.491080 1.903801
1769098295.818444 -1.660631 -8.483302 1.911251
1769098295.898433 -1.711301 -8.298559 1.906792
1769098295.973454 -1.717869 -8.290754 1.908975
1769098296.048435 -1.722769 -8.284920 1.912642
1769098297.783453 -1.730840 -8.275375 1.918622
1769098297.838443 -1.765985 -8.045498 1.847296
1769098297.903430 -1.768922 -8.041347 1.842474
1769098297.958446 -1.776303 -8.030700 1.831703
1769098298.008447 -1.779257 -8.026376 1.825522
1769098299.743643 -1.779300 -8.026415 1.819566
1769098299.818442 -1.793516 -7.825302 1.683419
1769098299.868493 -1.795574 -7.820799 1.677946
1769098299.918495 -1.795533 -7.820768 1.672739
1769098299.968474 -1.800752 -7.809308 1.667406
1769098300.018473 -1.802851 -7.804546 1.660264
1769098301.768483 -1.802826 -7.804524 1.653395
1769098301.828504 -1.788908 -7.611508 1.576332
1769098301.888497 -1.788855 -7.611481 1.578461
1769098301.948490 -1.793299 -7.599886 1.581073
1769098301.998490 -1.794997 -7.595374 1.583194
1769098302.048507 -1.796713 -7.590837 1.582539
1769098303.683539 -1.788674 -7.384539 1.558510
1769098303.743512 -1.788644 -7.384526 1.559400
1769098303.793544 -1.792853 -7.372874 1.558535
1769098303.843539 -1.794587 -7.367980 1.559272
1769098303.893580 -1.796221 -7.363365 1.557987
1769098303.943588 -1.798728 -7.356279 1.559517
1769098303.993543 -1.798665 -7.356253 1.561074
1769098305.778587 -1.776905 -7.144855 1.521864
1769098305.848553 -1.779245 -7.137677 1.519722
1769098305.908563 -1.780761 -7.132663 1.518375
1769098305.968645 -1.784754 -7.120375 1.522290
1769098306.028556 -1.786311 -7.115444 1.525094
1769098307.718587 -1.787840 -7.110595 1.531333
1769098307.768641 -1.761115 -6.944042 1.639656
1769098307.833598 -1.766818 -6.932578 1.643713
1769098307.893594 -1.769081 -6.927969 1.647024
1769098307.948590 -1.768986 -6.927946 1.650165
1769098307.998598 -1.774767 -6.916646 1.657553
1769098308.053594 -1.779255 -6.907889 1.672778
1769098309.718626 -1.780410 -6.720083 1.782458
1769098309.773624 -1.780288 -6.720055 1.789293
1769098309.818620 -1.788451 -6.708886 1.792535
1769098309.878588 -1.791678 -6.704418 1.794653
1769098309.928629 -1.791591 -6.704385 1.796577
1769098309.978711 -1.799827 -6.693303 1.800026
1769098310.028697 -1.799744 -6.693275 1.803034
1769098311.698675 -1.933210 -6.517531 1.802389
1769098311.753647 -1.936433 -6.513241 1.799285
1769098311.798779 -1.944840 -6.502059 1.797109
1769098311.848727 -1.948229 -6.497515 1.795282
1769098311.898733 -1.948224 -6.497508 1.793495
1769098311.948662 -1.956579 -6.486285 1.792079
1769098311.998712 -1.956581 -6.486284 1.790815
1769098313.693742 -1.982990 -6.269022 1.790188
1769098313.758645 -1.986259 -6.264491 1.790119
1769098313.808750 -1.994068 -6.253868 1.789824
1769098313.863657 -1.997270 -6.249472 1.791004
1769098313.928742 -1.997233 -6.249451 1.792139
1769098313.978729 -2.005399 -6.238370 1.793981
1769098314.028636 -2.008828 -6.233700 1.793747
1769098315.828712 -2.033414 -6.016865 1.777773
1769098315.893706 -2.036671 -6.012318 1.777706
1769098315.943683 -2.036661 -6.012312 1.777705
1769098315.993700 -2.044802 -6.000958 1.777814
1769098316.043700 -2.048013 -5.996473 1.777322
1769098317.733749 -2.048002 -5.996466 1.776807
1769098317.783724 -2.070222 -5.789387 1.777157
1769098317.838727 -2.078270 -5.778187 1.775616
1769098317.888720 -2.078255 -5.778179 1.774075
1769098317.938739 -2.086222 -5.767045 1.773625
1769098317.988718 -2.089422 -5.762550 1.774511
1769098318.038754 -2.089403 -5.762537 1.775365
1769098319.738769 -2.108153 -5.558417 1.773290
1769098319.798750 -2.116062 -5.547272 1.770199
1769098319.853753 -2.119387 -5.542524 1.768396
1769098319.898762 -2.119371 -5.542516 1.766701
1769098319.953779 -2.127514 -5.530883 1.765793
1769098320.003772 -2.130742 -5.526193 1.764718
1769098321.623806 -2.138581 -5.514970 1.764158
1769098321.673793 -2.154649 -5.325529 1.757222
1769098321.728791 -2.154661 -5.325539 1.755827
1769098321.778801 -2.162404 -5.314152 1.756428
1769098321.828788 -2.165547 -5.309553 1.757510
1769098321.888782 -2.165558 -5.309559 1.758611
1769098321.938802 -2.173329 -5.298196 1.760640
1769098323.618835 -2.210206 -5.244461 1.754656
1769098323.668837 -2.180078 -5.082264 1.742239
1769098323.723829 -2.187811 -5.070778 1.741363
1769098323.778827 -2.190958 -5.066061 1.740728
1769098323.828828 -2.190937 -5.066047 1.740154
1769098323.878834 -2.198815 -5.054260 1.740007
1769098323.928831 -2.202004 -5.049451 1.738953
1769098325.683958 -2.233679 -5.001671 1.736075
1769098325.733861 -2.213082 -4.816698 1.724694
1769098325.793838 -2.217428 -4.809801 1.724660
1769098325.843868 -2.220410 -4.805104 1.722560
1769098325.903850 -2.227766 -4.793444 1.719630
1769098325.963843 -2.227793 -4.793463 1.718727
1769098327.733923 -2.235516 -4.598978 1.693781
1769098327.793892 -2.242703 -4.586938 1.692080
1769098327.843952 -2.245629 -4.582054 1.691066
1769098327.903876 -2.252834 -4.569971 1.688848
1769098327.963875 -2.255535 -4.565423 1.689920
1769098328.018876 -2.255549 -4.565432 1.690997
1769098329.663911 -2.262622 -4.553502 1.690264
1769098329.723905 -2.247655 -4.351216 1.675841
1769098329.793907 -2.250387 -4.346390 1.676550
1769098329.853919 -2.257026 -4.334700 1.678553
1769098329.908912 -2.256986 -4.334675 1.679763
1769098329.963917 -2.263741 -4.322936 1.680296
1769098331.684014 -2.258206 -4.133896 1.653311
1769098331.753953 -2.264997 -4.121536 1.652546
1769098331.808953 -2.267784 -4.116449 1.650353
1769098331.863935 -2.267743 -4.116422 1.648194
1769098331.918972 -2.274569 -4.104054 1.646515
1769098331.983976 -2.277236 -4.099106 1.649058
1769098333.663970 -2.269849 -3.919781 1.640853
1769098333.733966 -2.272477 -3.914807 1.638891
1769098333.784046 -2.272413 -3.914767 1.636945
1769098333.843997 -2.278950 -3.902585 1.633748
1769098333.898971 -2.278908 -3.902556 1.630658
1769098333.958967 -2.287469 -3.886173 1.622772
1769098334.013980 -2.287415 -3.886137 1.620379
1769098335.774032 -2.293756 -3.873688 1.616022
1769098335.843994 -2.375242 -3.669185 1.439118
1769098335.909018 -2.380938 -3.650469 1.429307
1769098335.964030 -2.380967 -3.650465 1.423078
1769098336.024027 -2.384900 -3.636988 1.417986
1769098337.754107 -2.386427 -3.631666 1.415806
1769098337.814041 -2.319054 -3.406872 1.251447
1769098337.884053 -2.320001 -3.398583 1.246610
1769098337.944029 -2.320599 -3.393260 1.238482
1769098338.004050 -2.321950 -3.379386 1.229704
1769098339.774081 -2.321950 -3.379369 1.226647
1769098339.839066 -2.218245 -3.144358 1.058769
1769098339.904068 -2.217859 -3.138881 1.048104
1769098339.979054 -2.216669 -3.125321 1.043593
1769098340.049087 -2.216173 -3.119846 1.039729
1769098341.734099 -2.214817 -3.105981 1.030917
1769098341.794102 -2.070956 -2.929064 0.859313
1769098341.864095 -2.067931 -2.918157 0.851013
1769098341.924102 -2.066410 -2.912785 0.846640
1769098341.984114 -2.064208 -2.905060 0.841038
1769098342.049115 -2.064223 -2.904999 0.835716
1769098343.794178 -2.058846 -2.886938 0.824758
1769098343.859121 -1.885708 -2.668780 0.645179
1769098343.939115 -1.885790 -2.668704 0.640530
1769098343.999124 -1.879102 -2.656096 0.636576
1769098344.059126 -1.876551 -2.651020 0.623482
1769098345.854214 -1.869781 -2.638760 0.615780
1769098345.914167 -1.653663 -2.515631 0.442109
1769098345.984163 -1.653710 -2.515542 0.438086
1769098346.054174 -1.644937 -2.504704 0.434258
1769098347.734214 -1.641522 -2.500438 0.431454
1769098347.794190 -1.411887 -2.435566 0.253374
1769098347.884198 -1.401273 -2.426216 0.240073
1769098347.944205 -1.397043 -2.422573 0.236400
1769098348.004189 -1.386542 -2.413608 0.228687
1769098349.754246 -1.382316 -2.410066 0.225746
1769098349.809251 -1.169211 -2.403066 0.119748
1769098349.879217 -1.164729 -2.399876 0.118632
1769098349.939233 -1.158047 -2.395120 0.116587
1769098349.994217 -1.153472 -2.391927 0.115776
1769098350.054232 -1.141916 -2.383863 0.114163
1769098351.894278 -1.141898 -2.383857 0.113386
1769098351.954266 -0.932577 -2.389308 0.088825
1769098352.019202 -0.927928 -2.386369 0.089838
1769098353.644296 -0.927850 -2.386484 0.090833
1769098353.699295 -0.736508 -2.379972 0.057476
1769098353.784289 -0.724631 -2.372611 0.054367
1769098353.849296 -0.719994 -2.369774 0.052645
1769098353.909295 -0.708448 -2.362743 0.048507
1769098353.964284 -0.703641 -2.359859 0.046569
1769098354.014292 -0.703565 -2.359895 0.044674
1769098355.769353 -0.496442 -2.377648 0.007669
1769098355.834325 -0.496407 -2.377583 0.004453
1769098355.889340 -0.484780 -2.371222 0.001720
1769098355.944318 -0.479862 -2.368574 0.001530
1769098355.994323 -0.479845 -2.368593 0.001314
1769098356.054330 -0.462948 -2.359476 0.001684
1769098357.694404 -0.279181 -2.261583 0.036788
1769098357.759351 -0.267381 -2.254654 0.045262
1769098357.814347 -0.262932 -2.252067 0.050453
1769098357.869349 -0.258263 -2.249301 0.055492
1769098357.939345 -0.251170 -2.244943 0.058663
1769098357.989364 -0.251155 -2.245084 0.061502
1769098358.049359 -0.239403 -2.237694 0.065819
1769098359.679379 -0.045304 -2.250614 0.211085
1769098359.749390 -0.040908 -2.246917 0.213697
1769098359.804381 -0.030226 -2.237857 0.222541
1769098359.864381 -0.026005 -2.234276 0.228542
1769098359.914395 -0.026014 -2.234473 0.234331
1769098359.984380 -0.015415 -2.225034 0.241346
1769098360.039396 -0.011433 -2.221514 0.246228
1769098361.699388 0.154492 -2.197261 0.399590
1769098361.769404 0.163377 -2.186343 0.409050
1769098361.834403 0.163395 -2.186491 0.413100
1769098361.889412 0.172115 -2.175311 0.416551
1769098361.949411 0.175506 -2.170999 0.420372
1769098362.004423 0.183894 -2.160153 0.429892
1769098363.804434 0.187272 -2.155751 0.435275
1769098363.864442 0.342274 -2.088109 0.504286
1769098363.949442 0.346989 -2.081335 0.502776
1769098364.019451 0.350381 -2.076991 0.507345
1769098365.844497 0.358278 -2.065523 0.507827
1769098365.899472 0.500071 -1.978148 0.535449
1769098365.964489 0.503238 -1.973910 0.537775
1769098366.019483 0.510505 -1.962484 0.539557
1769098367.654500 0.513544 -1.958019 0.545188
1769098367.709502 0.654232 -1.869425 0.510042
1769098367.774507 0.654407 -1.869584 0.507046
1769098367.839500 0.662464 -1.858246 0.502942
1769098367.894512 0.665762 -1.853821 0.495388
1769098367.954508 0.672569 -1.844986 0.483600
1769098368.009504 0.677574 -1.838341 0.475480
1769098369.779537 0.824387 -1.675154 0.316119
1769098369.854518 0.838044 -1.662044 0.311793
1769098369.919537 0.838159 -1.662155 0.310891
1769098369.989538 0.848102 -1.652616 0.306465
1769098370.044544 0.852207 -1.648827 0.298720
1769098371.709603 0.852298 -1.648868 0.291225
1769098371.769576 1.046923 -1.620818 0.122647
1769098371.859593 1.058472 -1.612681 0.122940
1769098371.924559 1.058513 -1.612744 0.125315
1769098371.984585 1.070040 -1.604517 0.124191
1769098372.039571 1.074657 -1.601236 0.121939
1769098373.749631 1.085891 -1.593268 0.118975
1769098373.804595 1.155845 -1.542976 0.102492
1769098373.864607 1.155811 -1.542935 0.102431
1769098373.924621 1.155776 -1.542893 0.102370
1769098373.994605 1.155764 -1.542837 0.102323
1769098374.059613 1.155673 -1.542769 0.102191
1769098375.789643 1.155639 -1.542728 0.102133
1769098375.844643 1.154555 -1.541399 0.100434
1769098375.899623 1.154550 -1.541349 0.100406
1769098375.954646 1.154492 -1.541277 0.100324
1769098376.009705 1.154439 -1.541254 0.100270
1769098377.654688 1.154411 -1.541218 0.100231
1769098377.709664 1.153605 -1.540128 0.099186
1769098377.764672 1.153583 -1.540099 0.099161
1769098377.819649 1.153561 -1.540070 0.099136
1769098377.879668 1.153540 -1.540041 0.099113
1769098377.944744 1.153519 -1.540012 0.099089
