timestamp x y theta
1769100598.011848 0.000000 0.000000 0.000010
1769100599.596892 0.000000 0.000000 0.000010
1769100599.646873 0.000000 0.000000 0.000015
1769100599.696870 0.000000 0.000000 0.000015
1769100599.746899 0.000000 0.000000 0.000015
1769100599.796878 0.000000 0.000000 0.000015
1769100599.846859 0.000000 0.000000 0.000015
1769100599.946881 0.000000 0.000000 0.000016
1769100601.506908 0.000000 0.000000 0.000015
1769100601.556902 0.000000 0.000000 0.000017
1769100601.626902 0.000000 0.000000 0.000017
1769100601.676915 0.000000 0.000000 0.000018
1769100601.726922 0.000000 0.000000 0.000018
1769100601.776918 0.000000 0.000000 0.000019
1769100601.826901 0.000000 0.000000 0.000019
1769100601.951882 0.000000 0.000000 0.000024
1769100603.496954 0.000000 0.000000 0.000025
1769100603.546937 0.000000 0.000000 0.000033
1769100603.596947 0.000000 0.000000 0.000034
1769100603.651933 0.000000 0.000000 0.000034
1769100603.696950 0.000000 0.000000 0.000034
1769100603.751929 0.000000 0.000000 0.000036
1769100603.801919 0.000000 0.000000 0.000037
1769100603.956928 0.003822 0.000006 0.001260
1769100605.556947 0.004809 0.000006 0.001601
1769100605.611947 0.062441 0.000025 -0.000989
1769100605.661966 0.064998 0.000019 -0.001047
1769100605.717039 0.069199 0.000003 -0.000709
1769100605.766960 0.072009 0.000001 -0.000448
1769100605.826968 0.075021 -0.000012 0.000112
1769100605.876965 0.079400 -0.000008 0.000150
1769100605.961951 0.117695 0.000053 0.005945
1769100607.541991 0.121061 0.000090 0.005250
1769100607.591992 0.219215 0.000315 0.008391
1769100607.641993 0.222910 0.000372 0.008051
1769100607.691997 0.228428 0.000417 0.008046
1769100607.741996 0.232250 0.000422 0.008578
1769100607.796999 0.235970 0.000447 0.007937
1769100607.851953 0.241766 0.000507 0.007790
1769100607.971972 0.294208 0.000832 0.007349
1769100609.522077 0.299853 0.000842 0.008246
1769100609.572018 0.397570 0.001960 0.014957
1769100609.622001 0.401392 0.002009 0.016021
1769100609.672014 0.407137 0.002088 0.016593
1769100609.722004 0.410959 0.002089 0.018467
1769100609.772026 0.414754 0.002185 0.018169
1769100609.822075 0.420372 0.002272 0.018465
1769100609.977013 0.476072 0.003323 0.018314
1769100611.592029 0.480349 0.003404 0.018295
1769100611.647027 0.601799 -0.014286 0.026419
1769100611.697043 0.606127 -0.014195 0.026647
1769100611.747051 0.610378 -0.014150 0.028240
1769100611.797043 0.616755 -0.014005 0.029522
1769100611.847035 0.620956 -0.013935 0.030248
1769100611.982027 0.680383 -0.012052 0.033867
1769100613.567049 0.684734 -0.011889 0.032179
1769100613.617074 0.781939 -0.015967 0.031915
1769100613.677057 0.786341 -0.015851 0.031830
1769100613.727050 0.792716 -0.015642 0.031507
1769100613.772034 0.796966 -0.015479 0.031235
1769100613.822074 0.801218 -0.015440 0.033693
1769100613.867052 0.807517 -0.015210 0.034465
1769100613.987040 0.860373 -0.012874 0.034839
1769100615.477080 0.866951 -0.012717 0.035657
1769100615.527066 0.979333 -0.020701 0.030116
1769100615.577087 0.983607 -0.020519 0.029080
1769100615.627096 0.990207 -0.020216 0.026625
1769100615.672086 0.994432 -0.020067 0.025119
1769100615.717099 0.998706 -0.019885 0.024287
1769100615.792092 1.049398 -0.017988 0.032192
1769100615.992103 1.068567 -0.017099 0.030455
1769100617.532091 1.172626 -0.021371 0.025653
1769100617.587102 1.176973 -0.021112 0.022499
1769100617.632123 1.181248 -0.020935 0.021749
1769100617.682148 1.185523 -0.020782 0.021439
1769100617.727124 1.192073 -0.020528 0.020129
1769100617.777104 1.196222 -0.020368 0.019436
1769100617.822130 1.202597 -0.020163 0.019441
1769100618.002189 1.262036 -0.017899 0.025857
1769100619.567135 1.362900 -0.028844 0.017042
1769100619.632129 1.369098 -0.028638 0.017070
1769100619.682133 1.373398 -0.028501 0.017556
1769100619.732147 1.379596 -0.028276 0.016134
1769100619.782130 1.383844 -0.028105 0.015272
1769100619.837113 1.388222 -0.027990 0.015247
1769100619.887113 1.394724 -0.027800 0.015255
1769100621.492165 1.447670 -0.026026 0.015814
1769100621.542172 1.566924 -0.034458 0.018032
1769100621.597177 1.573223 -0.034267 0.018100
1769100621.647160 1.577499 -0.034145 0.018128
1769100621.692149 1.581748 -0.033988 0.017809
1769100621.747185 1.588174 -0.033774 0.017392
1769100621.812174 1.641765 -0.032422 0.018063
1769100623.577161 1.656590 -0.031974 0.021513
1769100623.622177 1.771173 -0.037791 0.014252
1769100623.677171 1.775448 -0.037630 0.013912
1769100623.727176 1.781925 -0.037451 0.014965
1769100623.777198 1.786276 -0.037311 0.015742
1769100623.827184 1.790676 -0.037104 0.013209
1769100623.877184 1.797279 -0.036912 0.012959
1769100625.472201 1.850616 -0.035510 0.016570
1769100625.522218 1.956764 -0.047045 0.017325
1769100625.577226 1.960962 -0.046889 0.017398
1769100625.627192 1.967211 -0.046685 0.018113
1769100625.672225 1.971485 -0.046529 0.017963
1769100625.722286 1.975711 -0.046431 0.019215
1769100625.827214 2.031903 -0.044823 0.010884
1769100627.537264 2.046883 -0.044476 0.014533
1769100627.582290 2.158969 -0.054576 0.012326
1769100627.637246 2.163118 -0.054472 0.013879
1769100627.687301 2.167394 -0.054344 0.014353
1769100627.732261 2.173843 -0.054106 0.013255
1769100627.782220 2.178118 -0.053963 0.012163
1769100629.487217 2.244235 -0.052286 0.011620
1769100629.537241 2.351678 -0.056618 0.009947
1769100629.587265 2.355979 -0.056467 0.010400
1769100629.637224 2.360203 -0.056331 0.011344
1769100629.682250 2.366602 -0.056086 0.011405
1769100629.727241 2.370851 -0.055926 0.010814
1769100629.837232 2.426852 -0.053415 0.041336
1769100631.512267 2.441976 -0.052388 0.053948
1769100631.562287 2.534964 -0.060953 0.133132
1769100631.622290 2.541032 -0.059774 0.134616
1769100631.667262 2.544940 -0.059054 0.138338
1769100631.717269 2.551132 -0.057888 0.143737
1769100631.767267 2.555230 -0.057081 0.146928
1769100631.842283 2.603170 -0.046466 0.191519
1769100633.502307 2.617814 -0.042875 0.202474
1769100633.552307 2.737192 -0.031767 0.310865
1769100633.612304 2.741159 -0.030294 0.314576
1769100633.657317 2.745142 -0.028796 0.318581
1769100633.707296 2.751179 -0.026497 0.321344
1769100633.757323 2.755261 -0.024878 0.322029
1769100633.852360 2.800540 -0.006978 0.330899
1769100635.517328 2.814461 -0.001439 0.329666
1769100635.562347 2.933231 0.023672 0.344815
1769100635.617345 2.939287 0.025988 0.343321
1769100635.667325 2.943313 0.027518 0.342564
1769100635.712346 2.947498 0.029132 0.341097
1769100635.762395 2.953668 0.031444 0.341723
1769100635.857368 3.004289 0.050673 0.345108
1769100637.492368 3.012357 0.053738 0.345762
1769100637.542373 3.119678 0.095932 0.332832
1769100637.597371 3.123704 0.097431 0.330471
1769100637.647422 3.127678 0.098874 0.330055
1769100637.697374 3.131882 0.100415 0.328906
1769100637.742374 3.138065 0.102661 0.327633
1769100639.512408 3.202456 0.125718 0.330367
1769100639.562453 3.319197 0.160238 0.311859
1769100639.617357 3.323356 0.161672 0.310819
1769100639.667377 3.329500 0.163785 0.309386
1769100639.717389 3.333669 0.165204 0.308042
1769100639.762390 3.337840 0.166653 0.303080
1769100639.867355 3.390516 0.184170 0.305369
1769100641.532399 3.400574 0.187569 0.304238
1769100641.582414 3.503084 0.212342 0.291167
1769100641.637409 3.509201 0.214374 0.289776
1769100641.682387 3.513381 0.215752 0.288506
1769100641.732423 3.517508 0.217115 0.286319
1769100641.777404 3.523613 0.219117 0.284803
1769100641.872427 3.576327 0.235957 0.290590
1769100643.487416 3.584358 0.238558 0.289355
1769100643.532443 3.684608 0.259939 0.277844
1769100643.587416 3.690718 0.261904 0.277309
1769100643.637449 3.694863 0.263224 0.276597
1769100643.682448 3.698907 0.264510 0.275451
1769100643.732433 3.705028 0.266461 0.274332
1769100643.882520 3.762892 0.284185 0.266455
1769100645.477503 3.770775 0.286555 0.268137
1769100645.527473 3.866145 0.301645 0.252239
1769100645.582473 3.870316 0.302891 0.252431
1769100645.632478 3.874426 0.304137 0.250268
1769100645.682550 3.880479 0.305969 0.250293
1769100645.732469 3.884357 0.307125 0.249399
1769100645.777497 3.890479 0.308978 0.246429
1769100645.887428 3.942459 0.323529 0.201050
1769100647.522476 3.952597 0.326077 0.191842
1769100647.572483 4.059351 0.343515 0.122857
1769100647.627469 4.065563 0.344572 0.122912
1769100647.677496 4.069798 0.345299 0.121260
1769100647.732498 4.075787 0.346315 0.121774
1769100647.777497 4.079904 0.347012 0.121814
1769100647.892496 4.135440 0.355508 0.091953
1769100649.507513 4.143437 0.356599 0.090479
1769100649.557513 4.269402 0.357459 0.064712
1769100649.617590 4.273587 0.357927 0.068286
1769100649.667513 4.279884 0.358684 0.065234
1769100649.722510 4.283830 0.359145 0.063488
1769100649.772498 4.290213 0.359890 0.061611
1769100649.897509 4.345208 0.365883 0.057174
1769100651.537533 4.353685 0.366812 0.055117
1769100651.592545 4.466512 0.362405 0.059054
1769100651.657530 4.476726 0.363543 0.059100
1769100651.702543 4.481080 0.364026 0.059778
1769100651.757613 4.485185 0.364471 0.060258
1769100651.802544 4.491526 0.365175 0.059376
1769100651.902547 4.545093 0.370908 0.050688
1769100653.472551 4.551515 0.371567 0.051438
1769100653.522572 4.655649 0.365918 0.058423
1769100653.587568 4.659878 0.366363 0.059045
1769100653.637554 4.666144 0.367032 0.058613
1769100653.687616 4.670374 0.367478 0.060666
1769100653.737625 4.674553 0.367920 0.061912
1769100653.787613 4.680845 0.368598 0.062497
1769100653.912585 4.740528 0.375008 0.059369
1769100655.492573 4.744786 0.375434 0.060446
1769100655.542593 4.852824 0.373522 0.062393
1769100655.607585 4.863249 0.374615 0.062282
1769100655.657609 4.867429 0.375043 0.063877
1769100655.707597 4.871660 0.375475 0.067015
1769100655.762585 4.877802 0.376150 0.066501
1769100655.812668 4.882006 0.376594 0.068993
1769100655.917594 4.937051 0.382640 0.060483
1769100657.542657 4.941106 0.383059 0.059529
1769100657.597631 5.059616 0.380836 0.054644
1769100657.657644 5.070112 0.381706 0.046130
1769100657.712630 5.074302 0.382019 0.044436
1769100657.767617 5.078472 0.382306 0.042710
1769100657.817626 5.084735 0.382766 0.038638
1769100657.927600 5.137740 0.385201 -0.019784
1769100659.547693 5.144293 0.385290 -0.024213
1769100659.597682 5.273292 0.377793 -0.111779
1769100659.662605 5.281756 0.376913 -0.119116
1769100659.712651 5.287993 0.376231 -0.122270
1769100659.762638 5.292126 0.375762 -0.126606
1769100659.822639 5.298131 0.375053 -0.128941
1769100659.927625 5.352960 0.367049 -0.187897
1769100661.522700 5.356951 0.366349 -0.193366
1769100661.572739 5.459575 0.336922 -0.298910
1769100661.637610 5.465348 0.335221 -0.303364
1769100661.692615 5.469373 0.334023 -0.306880
1769100661.747628 5.473415 0.332793 -0.311286
1769100661.807610 5.483459 0.329667 -0.317793
1769100661.862688 5.487557 0.328365 -0.320688
1769100661.932622 5.536990 0.312419 -0.325464
1769100663.507668 5.541035 0.311093 -0.323810
1769100663.567674 5.650773 0.275894 -0.319991
1769100663.632687 5.654814 0.274589 -0.319358
1769100663.682771 5.658643 0.273367 -0.321474
1769100663.737676 5.664384 0.271510 -0.319779
1769100663.787677 5.668412 0.270212 -0.319185
1769100663.842700 5.674267 0.268329 -0.318906
1769100663.942660 5.724959 0.251971 -0.324774
1769100665.507689 5.731249 0.249914 -0.324397
1769100665.562704 5.821559 0.207239 -0.314073
1769100665.627699 5.825603 0.206119 -0.310209
1769100665.682684 5.831799 0.204421 -0.303806
1769100665.732728 5.836021 0.203310 -0.303598
1769100665.787702 5.840044 0.202246 -0.298432
1769100665.837719 5.846279 0.200628 -0.292244
1769100665.952654 5.898303 0.188840 -0.242387
1769100667.487729 6.013473 0.147218 -0.149732
1769100667.552722 6.023715 0.146277 -0.140412
1769100667.602741 6.027838 0.145919 -0.135790
1769100667.652734 6.031932 0.145575 -0.129918
1769100667.702735 6.038559 0.145068 -0.125743
1769100667.752712 6.042960 0.144734 -0.120780
1769100667.807728 6.047012 0.144452 -0.115959
1769100667.957752 6.101505 0.121921 -0.035114
1769100669.537735 6.105639 0.121909 -0.032287
1769100669.587754 6.215650 0.126390 0.028179
1769100669.642769 6.219863 0.126659 0.029651
1769100669.692761 6.224112 0.126935 0.029503
1769100669.742761 6.230629 0.127363 0.025021
1769100669.792763 6.234941 0.127635 0.024723
1769100669.842841 6.239245 0.127898 0.022949
1769100669.962749 6.296382 0.122613 0.043989
1769100671.627762 6.302717 0.123038 0.045094
1769100671.677789 6.420803 0.130965 0.049061
1769100671.727782 6.427186 0.131423 0.049038
1769100671.777790 6.431299 0.131711 0.047600
1769100671.832778 6.435688 0.132006 0.046879
1769100671.882799 6.442155 0.132450 0.044052
1769100671.972782 6.495421 0.122375 0.047162
1769100673.587781 6.499458 0.122667 0.047158
1769100673.642801 6.613321 0.131110 0.049307
1769100673.692835 6.617545 0.131458 0.046921
1769100673.742818 6.623953 0.131958 0.046529
1769100673.792816 6.628324 0.132300 0.044748
1769100673.847785 6.632596 0.132635 0.042292
1769100673.972802 6.698078 0.129431 0.056984
1769100675.597825 6.702245 0.129766 0.057048
1769100675.652831 6.821088 0.139521 0.063809
1769100675.702831 6.825348 0.139875 0.065656
1769100675.757828 6.831508 0.140406 0.063228
1769100675.812837 6.835626 0.140768 0.059399
1769100675.872831 6.842057 0.141287 0.061345
1769100675.977813 6.900907 0.136849 0.063942
1769100677.587892 6.904944 0.137185 0.063996
1769100677.637914 7.018849 0.147147 0.066751
1769100677.692852 7.023035 0.147515 0.068601
1769100677.742863 7.029390 0.148080 0.068925
1769100677.797855 7.033602 0.148464 0.068680
1769100677.847856 7.037913 0.148849 0.070643
1769100677.987840 7.094205 0.145210 0.065145
1769100679.557879 7.209058 0.156160 0.077797
1769100679.607876 7.213316 0.156578 0.079244
1769100679.657897 7.219514 0.157186 0.080953
1769100679.712892 7.223771 0.157619 0.081362
1769100679.762889 7.228028 0.158049 0.084130
1769100679.812894 7.234398 0.158703 0.085856
1769100679.867961 7.238678 0.159158 0.084798
1769100679.992894 7.276943 0.152992 0.074281
1769100681.552929 7.391017 0.165147 0.085130
1769100681.602901 7.395222 0.165589 0.086085
1769100681.652917 7.399398 0.166038 0.086151
1769100681.707916 7.405515 0.166689 0.089143
1769100681.757923 7.409767 0.167154 0.091586
1769100681.812916 7.416078 0.167864 0.092013
1769100681.867916 7.420277 0.168338 0.093335
1769100681.997890 7.475798 0.161247 0.081833
1769100683.607923 7.594384 0.174581 0.090121
1769100683.667953 7.598635 0.175055 0.091362
1769100683.722936 7.604769 0.175754 0.093687
1769100683.781056 7.608966 0.176240 0.093710
1769100683.837948 7.613137 0.176730 0.094674
1769100683.887951 7.619394 0.177476 0.096187
1769100685.542956 7.680285 0.169885 0.100442
1769100685.607989 7.799249 0.184101 0.102232
1769100685.673025 7.805582 0.184862 0.103506
1769100685.737967 7.809803 0.185371 0.103766
1769100685.793038 7.813971 0.185884 0.104372
1769100685.847967 7.820224 0.186659 0.106235
1769100685.912958 7.828613 0.187705 0.106613
1769100687.522988 7.881269 0.186110 0.105709
1769100687.588055 7.995211 0.200640 0.100586
1769100687.642995 7.999531 0.201195 0.100882
1769100687.702989 8.010128 0.202553 0.102360
1769100687.763010 8.014373 0.203104 0.103684
1769100687.822977 8.018594 0.203650 0.105241
1769100687.878003 8.024816 0.204459 0.104536
1769100689.548015 8.056285 0.197394 0.106646
1769100689.628024 8.176611 0.213024 0.107954
1769100689.688030 8.180799 0.213585 0.107655
1769100689.743014 8.187246 0.214439 0.105728
1769100689.798040 8.191568 0.215005 0.106678
1769100689.853036 8.199972 0.216122 0.103827
1769100689.908035 8.207106 0.208308 0.103778
1769100691.643066 8.255541 0.214828 0.110735
1769100691.698112 8.392483 0.216835 0.107030
1769100691.768035 8.400891 0.217997 0.106677
1769100691.823043 8.407181 0.218870 0.104003
1769100691.878069 8.411320 0.219444 0.103577
1769100691.938037 8.417417 0.220273 0.104017
1769100693.508060 8.466272 0.227283 0.112552
1769100693.563082 8.577485 0.235660 0.119263
1769100693.623069 8.581684 0.236310 0.118375
1769100693.678079 8.588194 0.237292 0.117043
1769100693.733084 8.592423 0.237943 0.115610
1769100693.788078 8.596722 0.238606 0.112293
1769100693.843083 8.603174 0.239540 0.115612
1769100695.633110 8.662068 0.248637 0.124886
1769100695.688103 8.781285 0.257543 0.125891
1769100695.748098 8.785502 0.258238 0.123290
1769100695.803087 8.791914 0.259238 0.125322
1769100695.853174 8.800663 0.260640 0.124159
1769100695.913117 8.807068 0.261645 0.124180
1769100695.963115 8.811393 0.262338 0.124546
1769100697.518112 8.959337 0.274846 0.130353
1769100697.583147 8.963575 0.275578 0.129245
1769100697.638136 8.969813 0.276635 0.127733
1769100697.693130 8.974052 0.277362 0.125613
1769100697.748123 8.978271 0.278076 0.125443
1769100697.803117 8.984716 0.279142 0.125485
1769100697.853119 9.023190 0.285522 0.121872
1769100699.628165 9.048020 0.289593 0.123473
1769100699.683154 9.160662 0.297119 0.134433
1769100699.753157 9.169084 0.298600 0.132752
1769100699.808142 9.175295 0.299658 0.132913
1769100699.858190 9.179606 0.300420 0.132316
1769100699.913138 9.183925 0.301165 0.135220
1769100699.973170 9.190284 0.302261 0.134408
1769100701.558276 9.347637 0.318035 0.138813
1769100701.633177 9.353895 0.319160 0.140909
1769100701.683171 9.358046 0.319939 0.140795
1769100701.743176 9.362307 0.320727 0.143214
1769100701.793189 9.368630 0.321886 0.143916
1769100701.853197 9.377119 0.323478 0.147227
1769100701.908244 9.383412 0.324649 0.146756
1769100703.573248 9.431716 0.333562 0.145908
1769100703.633203 9.555638 0.340620 0.153338
1769100703.718206 9.565922 0.342633 0.155049
1769100703.778212 9.572222 0.343884 0.154411
1769100703.833218 9.576374 0.344705 0.157638
1769100703.888206 9.580538 0.345547 0.157214
1769100703.943197 9.584751 0.346404 0.154784
1769100705.568233 9.635739 0.356394 0.154685
1769100705.623231 9.746633 0.361244 0.155226
1769100705.693233 9.750702 0.362074 0.156629
1769100705.748217 9.754910 0.362949 0.156572
1769100705.803242 9.760915 0.364178 0.159685
1769100705.853247 9.769150 0.365910 0.155595
1769100705.913235 9.775322 0.367184 0.152496
1769100707.608252 9.824059 0.375944 0.108942
1769100707.663228 9.950615 0.386238 0.031068
1769100707.738264 9.957051 0.386725 0.032795
1769100707.798254 9.961415 0.387064 0.032869
1769100707.858252 9.972092 0.387889 0.034666
1769100707.913258 9.976405 0.388231 0.032874
1769100707.963273 9.980647 0.388558 0.032492
1769100709.578268 10.128678 0.382310 0.029475
1769100709.658288 10.136957 0.382944 0.031900
1769100709.713293 10.143339 0.383454 0.031995
1769100709.768291 10.147655 0.383795 0.032829
1769100709.828282 10.151618 0.384108 0.034692
1769100709.883273 10.158022 0.384642 0.032104
1769100709.938307 10.162235 0.384987 0.031443
1769100711.583336 10.212992 0.389043 0.028739
1769100711.643297 10.338496 0.375957 0.027727
1769100711.713313 10.349269 0.376805 0.028852
1769100711.773304 10.353483 0.377140 0.030337
1769100711.838300 10.359739 0.377646 0.029694
1769100711.903314 10.364002 0.377989 0.030592
1769100711.963322 10.374547 0.378843 0.031464
1769100713.568341 10.525646 0.382779 0.039705
1769100713.658335 10.536117 0.383614 0.039744
1769100713.723349 10.542577 0.384124 0.041747
1769100713.798341 10.546513 0.384440 0.041306
1769100713.878363 10.557009 0.385291 0.041862
1769100713.948322 10.561147 0.385624 0.042774
1769100715.643388 10.726505 0.381865 0.040389
1769100715.718364 10.737201 0.382750 0.039752
1769100715.778370 10.741439 0.383096 0.039768
1769100715.838374 10.745702 0.383450 0.039372
1769100715.893366 10.751983 0.383968 0.040069
1769100715.953373 10.760307 0.384663 0.042002
1769100716.018397 10.766586 0.385199 0.044229
1769100717.658389 10.929641 0.394718 0.042487
1769100717.728388 10.933979 0.395092 0.041078
1769100717.783398 10.938265 0.395459 0.041048
1769100717.843392 10.944595 0.395997 0.042070
1769100717.903378 10.948756 0.396349 0.043499
1769100717.958381 10.959295 0.397273 0.046262
1769100718.018391 10.963531 0.397649 0.048138
1769100719.633423 11.117989 0.396020 0.041558
1769100719.703402 11.121971 0.396381 0.040722
1769100719.753425 11.132761 0.397347 0.039681
1769100719.803468 11.136996 0.397715 0.040924
1769100719.858499 11.141231 0.398094 0.041668
1769100719.908417 11.147583 0.398672 0.042968
1769100719.968412 11.151894 0.399058 0.045268
1769100721.588447 11.324419 0.399364 0.041964
1769100721.653455 11.335149 0.400425 0.040197
1769100721.703457 11.339407 0.400830 0.039928
1769100721.758459 11.345780 0.401442 0.040342
1769100721.813439 11.350089 0.401851 0.040351
1769100721.868425 11.354448 0.402268 0.039877
1769100721.928449 11.404653 0.407179 0.043018
1769100723.593443 11.408782 0.407594 0.044405
1769100723.653456 11.535927 0.401158 0.049641
1769100723.718459 11.542322 0.401823 0.049135
1769100723.773474 11.546627 0.402265 0.049661
1769100723.828484 11.551009 0.402719 0.048596
1769100723.883466 11.557529 0.403389 0.048557
1769100723.938458 11.561835 0.403833 0.046668
1769100725.683532 11.610452 0.408824 0.051749
1769100725.738491 11.734048 0.397413 0.053378
1769100725.803496 11.742727 0.398368 0.053351
1769100725.853486 11.749318 0.399105 0.051139
1769100725.903496 11.753646 0.399577 0.049472
1769100725.958495 11.758075 0.400057 0.047325
1769100726.018490 11.764543 0.400744 0.046938
1769100727.713519 11.926628 0.399354 0.045608
1769100727.778538 11.930984 0.399815 0.040417
1769100727.833522 11.937506 0.400473 0.034257
1769100727.883545 11.941890 0.400890 0.029059
1769100727.938521 11.946278 0.401278 0.022599
1769100727.988510 11.952861 0.401828 0.014148
1769100728.038543 11.957075 0.402154 0.008025
1769100729.708603 12.125220 0.401567 -0.146234
1769100729.773548 12.129556 0.401207 -0.152027
1769100729.823549 12.136129 0.400612 -0.157833
1769100729.873577 12.140385 0.400215 -0.163360
1769100729.923536 12.144787 0.399766 -0.166824
1769100729.973636 12.151200 0.399082 -0.171777
1769100730.028555 12.155550 0.398613 -0.177373
1769100731.678567 12.308378 0.361008 -0.198125
1769100731.738654 12.312665 0.360444 -0.196850
1769100731.793576 12.319094 0.359608 -0.197828
1769100731.838598 12.323458 0.359035 -0.197584
1769100731.893703 12.327701 0.358481 -0.197859
1769100731.943596 12.333927 0.357668 -0.198807
1769100731.988583 12.338191 0.357101 -0.198133
1769100733.638685 12.499761 0.317507 -0.204094
1769100733.698627 12.503747 0.316972 -0.202654
1769100733.758589 12.514290 0.315573 -0.202890
1769100733.808635 12.518560 0.315010 -0.203217
1769100733.858717 12.524914 0.314172 -0.203531
1769100733.908607 12.529211 0.313603 -0.204739
1769100733.968606 12.578226 0.306850 -0.208556
1769100735.653614 12.584446 0.306005 -0.206672
1769100735.703605 12.700372 0.259480 -0.209229
1769100735.768601 12.704544 0.258925 -0.209717
1769100735.823619 12.710851 0.258087 -0.210975
1769100735.878605 12.715141 0.257511 -0.211420
1769100735.928606 12.719405 0.256934 -0.212240
1769100735.983639 12.770514 0.249700 -0.214103
1769100737.668660 12.774733 0.249115 -0.213700
1769100737.723644 12.869989 0.208406 -0.214689
1769100737.793676 12.869974 0.208325 -0.213230
1769100737.863625 12.924543 0.201313 -0.213162
1769100737.928624 12.928816 0.200719 -0.216110
1769100737.988644 12.933024 0.200120 -0.216791
1769100739.583658 13.087866 0.165280 -0.224592
1769100739.643678 13.092073 0.164658 -0.223297
1769100739.698671 13.098307 0.163752 -0.220440
1769100739.748668 13.102449 0.163158 -0.220662
1769100739.798680 13.106660 0.162556 -0.220357
1769100739.853688 13.117104 0.161078 -0.222906
1769100739.983655 13.172440 0.152844 -0.228215
1769100741.658698 13.176514 0.152222 -0.228725
1769100741.708729 13.289938 0.107338 -0.230548
1769100741.773709 13.294194 0.106705 -0.229864
1769100741.828709 13.300156 0.105823 -0.229848
1769100741.878711 13.304069 0.105248 -0.230687
1769100741.933688 13.310183 0.104348 -0.231498
1769100741.988712 13.359055 0.096981 -0.237783
1769100743.628746 13.363254 0.096325 -0.238604
1769100743.693735 13.481387 0.055332 -0.230036
1769100743.773725 13.491783 0.053709 -0.229253
1769100743.828730 13.495985 0.053055 -0.228850
1769100743.883730 13.502047 0.052129 -0.229662
1769100743.938744 13.506237 0.051469 -0.227558
1769100743.998692 13.554300 0.044100 -0.233334
1769100745.663740 13.677389 0.009015 -0.234258
1769100745.728745 13.681654 0.008317 -0.233743
1769100745.783761 13.685792 0.007638 -0.232203
1769100745.843751 13.692070 0.006645 -0.232973
1769100745.893766 13.696228 0.005961 -0.230506
1769100745.948770 13.700399 0.005288 -0.228723
1769100747.638809 13.871165 -0.040875 -0.243213
1769100747.713774 13.881834 -0.042683 -0.244007
1769100747.768840 13.885871 -0.043380 -0.243406
1769100747.828775 13.890129 -0.044111 -0.242003
1769100747.883777 13.896391 -0.045159 -0.240242
1769100747.943818 13.900362 -0.045829 -0.239573
1769100749.643801 13.949911 -0.053905 -0.241719
1769100749.703814 14.079968 -0.100877 -0.252421
1769100749.768806 14.084259 -0.101643 -0.253344
1769100749.823805 14.088467 -0.102390 -0.253405
1769100749.883826 14.094897 -0.103528 -0.252200
1769100749.948828 14.099079 -0.104272 -0.249680
1769100750.018815 14.109452 -0.106068 -0.246389
1769100751.673825 14.256530 -0.152854 -0.264325
1769100751.748829 14.262790 -0.154177 -0.269991
1769100751.803838 14.266984 -0.155099 -0.273413
1769100751.858831 14.277400 -0.157426 -0.280429
1769100751.928834 14.281595 -0.158388 -0.284095
1769100751.993834 14.287875 -0.159848 -0.286704
1769100753.668847 14.451620 -0.217682 -0.451358
1769100753.733857 14.455379 -0.219256 -0.456347
1769100753.788858 14.461134 -0.221717 -0.458996
1769100753.838864 14.465069 -0.223404 -0.463966
1769100753.898868 14.470716 -0.225869 -0.466898
1769100753.958858 14.478463 -0.229270 -0.474777
1769100755.713916 14.628772 -0.320879 -0.641358
1769100755.778882 14.632393 -0.323294 -0.645975
1769100755.843905 14.635909 -0.325672 -0.649222
1769100755.913893 14.644481 -0.331515 -0.658254
1769100755.993925 14.648004 -0.333944 -0.663209
1769100756.063902 14.656648 -0.339993 -0.669705
1769100757.783993 14.660170 -0.342479 -0.674085
1769100757.843914 14.779788 -0.457033 -0.846862
1769100757.918904 14.787023 -0.464242 -0.854912
1769100757.973918 14.791265 -0.468535 -0.859045
1769100758.028965 14.794113 -0.471430 -0.862441
1769100759.698968 14.797053 -0.474417 -0.869075
1769100759.753958 14.895446 -0.608129 -1.035693
1769100759.823939 14.898928 -0.613173 -1.040095
1769100759.883951 14.901183 -0.616417 -1.044326
1769100759.943956 14.903527 -0.619880 -1.047580
1769100759.998948 14.906964 -0.624987 -1.052451
1769100760.053947 14.911662 -0.631970 -1.064869
1769100761.643968 14.988157 -0.755049 -1.203080
1769100761.713985 14.992411 -0.764304 -1.209553
1769100761.773993 14.994186 -0.768186 -1.213177
1769100761.833980 14.995921 -0.772036 -1.216271
1769100761.888965 14.998526 -0.777831 -1.222922
1769100761.948983 15.000149 -0.781480 -1.227998
1769100762.018997 15.004310 -0.791175 -1.237061
1769100763.718981 15.005962 -0.795054 -1.241944
1769100763.779010 15.038476 -0.975870 -1.411293
1769100763.844019 15.039451 -0.979842 -1.415791
1769100763.904015 15.040391 -0.983770 -1.420132
1769100763.959013 15.042728 -0.993741 -1.433054
1769100764.014011 15.043999 -0.999836 -1.436612
1769100765.749083 15.044890 -1.003998 -1.442861
1769100765.809035 15.060870 -1.177106 -1.600770
1769100765.879034 15.061091 -1.181491 -1.606275
1769100765.934027 15.061385 -1.188007 -1.613309
1769100765.994049 15.061584 -1.192568 -1.620155
1769100766.054040 15.061706 -1.196867 -1.625534
1769100767.674042 15.061944 -1.207335 -1.638789
1769100767.734048 15.033771 -1.381906 -1.756945
1769100767.804053 15.032939 -1.392654 -1.758393
1769100767.864116 15.032636 -1.396747 -1.758982
1769100767.924048 15.032139 -1.402985 -1.759066
1769100767.979071 15.031817 -1.407197 -1.760151
1769100769.649103 15.002793 -1.572730 -1.768188
1769100769.714094 15.001860 -1.583096 -1.765947
1769100769.774086 15.001327 -1.589278 -1.764769
1769100769.834089 15.000961 -1.593555 -1.764357
1769100769.889088 15.000594 -1.597887 -1.764203
1769100769.944096 15.000245 -1.602230 -1.765392
1769100769.999104 14.999701 -1.608720 -1.765841
1769100771.674096 14.988742 -1.778469 -1.681650
1769100771.754100 14.988721 -1.786796 -1.670054
1769100771.814119 14.988843 -1.792869 -1.666102
1769100771.869116 14.988939 -1.797142 -1.661672
1769100771.924109 14.989073 -1.803219 -1.655018
1769100771.984123 14.989234 -1.807472 -1.653761
1769100772.039126 14.989319 -1.811428 -1.647531
1769100773.654148 14.989730 -1.821579 -1.635156
1769100773.714166 14.971106 -1.972530 -1.378784
1769100773.779156 14.972433 -1.976535 -1.377607
1769100773.834162 14.974420 -1.982698 -1.373300
1769100773.889145 14.975719 -1.986748 -1.367357
1769100773.949155 14.977086 -1.990789 -1.364500
1769100774.019141 14.980492 -2.000792 -1.354952
1769100775.774257 14.956809 -2.187379 -1.335412
1769100775.864165 14.960453 -2.197588 -1.335671
1769100775.929178 14.961933 -2.201721 -1.334731
1769100775.984186 14.964108 -2.207788 -1.334669
1769100776.044158 14.965493 -2.211638 -1.334139
1769100777.744197 14.966906 -2.215508 -1.334647
1769100777.794212 15.001689 -2.373280 -1.333956
1769100777.859214 15.004716 -2.381641 -1.334461
1769100777.924216 15.006903 -2.387839 -1.332956
1769100778.004190 15.009853 -2.395902 -1.336388
1769100779.774333 15.011952 -2.401846 -1.334422
1769100779.859251 15.042338 -2.574104 -1.339890
1769100779.959216 15.045975 -2.584165 -1.341790
1769100780.044234 15.047352 -2.587996 -1.341574
1769100781.824282 15.050873 -2.597914 -1.340011
1769100781.899299 15.084350 -2.764971 -1.342512
1769100781.979239 15.087889 -2.774806 -1.344774
1769100782.034294 15.089348 -2.778842 -1.345678
1769100783.709295 15.090776 -2.782863 -1.345708
1769100783.774262 15.116201 -2.937017 -1.349437
1769100783.844283 15.118281 -2.942815 -1.350194
1769100783.894295 15.119671 -2.946638 -1.351058
1769100783.949290 15.121121 -2.950709 -1.350221
1769100784.004281 15.124587 -2.960376 -1.352110
1769100785.659343 15.126038 -2.964414 -1.352839
1769100785.714309 15.155962 -3.116459 -1.355060
1769100785.784316 15.157374 -3.120446 -1.355007
1769100785.839311 15.159438 -3.126298 -1.354523
1769100785.889373 15.160840 -3.130284 -1.353871
1769100785.949302 15.162239 -3.134247 -1.354097
1769100786.009303 15.165789 -3.144319 -1.354012
1769100787.744392 15.191383 -3.305563 -1.359780
1769100787.849340 15.194733 -3.315248 -1.358696
1769100787.934345 15.197496 -3.323213 -1.358883
1769100788.019352 15.200969 -3.333229 -1.358560
1769100789.779378 15.202399 -3.337389 -1.358596
1769100789.874408 15.225515 -3.521880 -1.494393
1769100789.989349 15.227047 -3.530250 -1.504540
1769100790.079408 15.228873 -3.540893 -1.510331
1769100791.889407 15.230656 -3.551648 -1.513385
1769100791.949392 15.224349 -3.725912 -1.528394
1769100792.034398 15.225808 -3.734320 -1.530522
1769100793.679402 15.227634 -3.744968 -1.529742
1769100793.739473 15.226476 -3.900558 -1.528687
1769100793.809420 15.227964 -3.908885 -1.530845
1769100793.864419 15.229075 -3.915086 -1.530177
1769100793.919408 15.229827 -3.919275 -1.531630
1769100793.984412 15.230584 -3.923491 -1.532958
1769100794.044415 15.231707 -3.929745 -1.533851
1769100795.789464 15.230968 -4.103702 -1.529816
1769100795.884437 15.232394 -4.111896 -1.526343
1769100795.959495 15.234272 -4.122359 -1.525486
1769100796.044449 15.234967 -4.126295 -1.524683
1769100797.774535 15.236875 -4.136812 -1.524526
1769100797.834458 15.229409 -4.307760 -1.533706
1769100797.904478 15.230892 -4.316081 -1.532865
1769100797.969471 15.232028 -4.322377 -1.529546
1769100798.039501 15.232729 -4.326287 -1.527759
1769100799.699593 15.234668 -4.336718 -1.526458
1769100799.759506 15.228428 -4.495062 -1.519614
1769100799.839497 15.229148 -4.499072 -1.519672
1769100799.909511 15.231051 -4.509624 -1.515926
1769100799.979487 15.231002 -4.509625 -1.513255
1769100800.044493 15.230942 -4.509627 -1.510602
1769100801.759597 15.234482 -4.528113 -1.511587
1769100801.849555 15.258939 -4.672369 -1.617643
1769100801.959525 15.259491 -4.672332 -1.636620
1769100802.049522 15.259729 -4.672311 -1.642838
1769100803.789563 15.260281 -4.672257 -1.655122
1769100803.844548 15.223847 -4.889729 -1.838598
1769100803.919625 15.222454 -4.900221 -1.854363
1769100803.989536 15.221855 -4.904372 -1.863001
1769100804.049576 15.220902 -4.910422 -1.871926
1769100805.694668 15.219506 -4.918892 -1.889165
1769100805.749591 15.152927 -5.062659 -2.207552
1769100805.824565 15.147966 -5.071968 -2.219430
1769100805.879590 15.145948 -5.075686 -2.224702
1769100805.934564 15.142938 -5.081197 -2.233246
1769100805.989617 15.140865 -5.084892 -2.236787
1769100806.054597 15.135566 -5.094155 -2.245377
1769100807.739665 15.037277 -5.233666 -2.236380
1769100807.849719 15.033171 -5.241003 -2.218170
1769100807.939616 15.028241 -5.250250 -2.199728
1769100808.034612 15.023428 -5.259769 -2.186183
1769100809.919615 15.019646 -5.267478 -2.169146
1769100809.989645 14.895575 -5.422174 -1.863169
1769100810.084663 14.894486 -5.432756 -1.842134
1769100811.819709 14.893795 -5.441007 -1.822651
1769100811.894630 14.858056 -5.610617 -1.509341
1769100811.984674 14.859970 -5.619043 -1.508058
1769100812.054639 14.862396 -5.629645 -1.506282
1769100813.864681 14.863376 -5.633916 -1.506467
1769100813.929678 14.873904 -5.824492 -1.495661
1769100813.999701 14.875389 -5.830745 -1.496100
1769100814.064688 14.877373 -5.839162 -1.494466
1769100815.704709 14.878900 -5.845572 -1.496993
1769100815.764707 14.880650 -6.011046 -1.484781
1769100815.849701 14.881679 -6.015177 -1.485939
1769100815.904711 14.884221 -6.025456 -1.486491
1769100815.959713 14.885249 -6.029630 -1.484022
1769100816.014724 14.886794 -6.035849 -1.484331
1769100817.639747 14.887864 -6.040128 -1.485843
1769100817.694751 14.889350 -6.196693 -1.472841
1769100817.764748 14.891959 -6.206716 -1.472669
1769100817.829726 14.893035 -6.210857 -1.471499
1769100817.884805 14.894622 -6.216957 -1.470818
1769100817.949713 14.895702 -6.221097 -1.468760
1769100819.624754 14.896617 -6.378130 -1.466323
1769100819.694774 14.898218 -6.384305 -1.465016
1769100819.754758 14.900373 -6.392583 -1.464964
1769100819.809781 14.901986 -6.398779 -1.462371
1769100819.864774 14.903076 -6.402938 -1.461522
1769100819.924762 14.904127 -6.406953 -1.459969
1769100819.979772 14.905767 -6.413140 -1.459037
1769100821.669794 14.912220 -6.575795 -1.461390
1769100821.739783 14.913902 -6.582053 -1.461925
1769100821.794799 14.915022 -6.586210 -1.461403
1769100821.864794 14.917766 -6.596371 -1.459863
1769100821.924791 14.918893 -6.600497 -1.459517
1769100821.984778 14.920004 -6.604577 -1.457470
1769100823.559838 14.923915 -6.753858 -1.460835
1769100823.629801 14.925074 -6.758110 -1.461751
1769100823.684819 14.926224 -6.762337 -1.461018
1769100823.744828 14.927910 -6.768490 -1.461257
1769100823.804812 14.930194 -6.776874 -1.458717
1769100823.859831 14.931909 -6.783063 -1.459678
1769100823.919819 14.933034 -6.787171 -1.456467
1769100825.774846 14.946285 -6.833749 -1.429572
1769100825.829844 14.994882 -6.964887 -1.303699
1769100825.909859 14.999295 -6.974751 -1.294190
1769100825.969846 15.001084 -6.978694 -1.288074
1769100826.029850 15.003749 -6.984419 -1.283683
1769100827.704862 15.005423 -6.988024 -1.277476
1769100827.759888 15.086487 -7.136732 -1.205570
1769100827.839852 15.088585 -7.140407 -1.209106
1769100827.904872 15.093901 -7.149849 -1.209053
1769100827.964871 15.096039 -7.153666 -1.209526
1769100828.019875 15.099210 -7.159284 -1.209554
1769100829.744889 15.101362 -7.163126 -1.208658
1769100829.804891 15.148727 -7.318604 -1.213321
1769100829.874912 15.153981 -7.327944 -1.213059
1769100829.934912 15.156118 -7.331709 -1.216264
1769100829.994912 15.158135 -7.335307 -1.216282
1769100830.059917 15.163474 -7.344811 -1.215804
1769100831.679935 15.165587 -7.348592 -1.215863
1769100831.734958 15.206165 -7.481585 -1.218505
1769100831.804935 15.211263 -7.490670 -1.221443
1769100831.864927 15.214315 -7.496109 -1.225646
1769100831.919947 15.216411 -7.499895 -1.227818
1769100831.975014 15.218341 -7.503417 -1.230976
1769100832.029942 15.221516 -7.509245 -1.235906
1769100833.654956 15.223480 -7.512891 -1.242721
1769100833.719961 15.264898 -7.657035 -1.362871
1769100833.794955 15.266282 -7.660976 -1.367583
1769100833.849971 15.267696 -7.665088 -1.372719
1769100833.905044 15.270992 -7.674877 -1.384601
1769100833.959988 15.273057 -7.681180 -1.391184
1769100834.024967 15.274412 -7.685398 -1.396272
1769100835.670015 15.289779 -7.836972 -1.437463
1769100835.744981 15.291002 -7.841074 -1.437468
1769100835.799982 15.292161 -7.844951 -1.438239
1769100835.865039 15.295233 -7.855260 -1.440318
1769100835.919995 15.296467 -7.859435 -1.439919
1769100835.975002 15.298330 -7.865722 -1.440607
1769100836.035001 15.299520 -7.869765 -1.439045
1769100837.810112 15.348105 -8.042316 -1.511613
1769100837.885033 15.349026 -8.046498 -1.515946
1769100837.940045 15.350366 -8.052683 -1.521153
1769100837.995048 15.351269 -8.056909 -1.526814
1769100838.065065 15.353454 -8.067672 -1.529874
1769100839.775100 15.354275 -8.071768 -1.531251
1769100839.850062 15.320112 -8.242851 -1.533404
1769100839.920069 15.322184 -8.253320 -1.534191
1769100839.975109 15.323024 -8.257623 -1.532499
1769100840.030056 15.323857 -8.261842 -1.531707
1769100841.690150 15.325091 -8.268043 -1.532867
1769100841.750088 15.324836 -8.443626 -1.539793
1769100841.815100 15.326476 -8.451965 -1.541851
1769100841.870094 15.327695 -8.458222 -1.542058
1769100841.925074 15.328524 -8.462496 -1.540776
1769100841.980087 15.329333 -8.466671 -1.539298
1769100842.035079 15.330574 -8.472974 -1.541040
1769100843.680110 15.328442 -8.642083 -1.546849
1769100843.760125 15.330430 -8.652272 -1.546422
1769100843.815100 15.331671 -8.658555 -1.546093
1769100843.870096 15.332481 -8.662732 -1.543453
1769100843.925095 15.333262 -8.666708 -1.542213
1769100843.980112 15.334521 -8.672962 -1.544857
1769100844.030112 15.335342 -8.677136 -1.544094
1769100845.755130 15.324238 -8.849418 -1.554482
1769100845.840133 15.325456 -8.855680 -1.551682
1769100845.895134 15.326249 -8.859758 -1.550157
1769100845.945145 15.327058 -8.863884 -1.550136
1769100846.000161 15.329087 -8.874118 -1.550141
1769100847.740172 15.329906 -8.878345 -1.550726
1769100847.795178 15.320006 -9.051730 -1.568018
1769100847.860170 15.321535 -9.059842 -1.565374
1769100847.915160 15.322749 -9.066082 -1.566034
1769100847.970163 15.323545 -9.070259 -1.565550
1769100848.035146 15.324274 -9.074166 -1.564287
1769100849.735171 15.312491 -9.231634 -1.557773
1769100849.815198 15.314473 -9.242082 -1.556776
1769100849.875194 15.315262 -9.246238 -1.557517
1769100849.930186 15.316074 -9.250467 -1.559681
1769100849.985204 15.317245 -9.256682 -1.557364
1769100850.045195 15.318021 -9.260763 -1.558266
1769100851.685229 15.320021 -9.271260 -1.560932
1769100851.745206 15.304064 -9.423641 -1.570045
1769100851.820219 15.306057 -9.434290 -1.571469
1769100851.870237 15.306841 -9.438497 -1.572624
1769100851.925234 15.307951 -9.444540 -1.570190
1769100851.990223 15.308734 -9.448747 -1.570667
1769100852.050233 15.310672 -9.459146 -1.569093
1769100853.735246 15.296689 -9.615581 -1.570826
1769100853.805249 15.298618 -9.626034 -1.573600
1769100853.860236 15.299378 -9.630265 -1.572517
1769100853.915252 15.300153 -9.634547 -1.572118
1769100853.970264 15.300925 -9.638759 -1.573756
1769100854.025253 15.302064 -9.645028 -1.571013
1769100855.660348 15.302824 -9.649210 -1.568908
1769100855.715284 15.286966 -9.808448 -1.586704
1769100855.805285 15.288450 -9.816740 -1.587333
1769100855.860272 15.289613 -9.823218 -1.588155
1769100855.910285 15.290377 -9.827481 -1.590149
1769100855.970255 15.291102 -9.831590 -1.589192
1769100856.035296 15.292227 -9.837916 -1.587591
1769100857.630284 15.273520 -9.998357 -1.627456
1769100857.690306 15.274028 -10.002660 -1.634364
1769100857.755308 15.275177 -10.013410 -1.646805
1769100857.810304 15.275601 -10.017722 -1.653686
1769100857.870299 15.275987 -10.022035 -1.658235
1769100857.925328 15.276545 -10.028360 -1.661354
1769100857.975332 15.276885 -10.032694 -1.659589
1769100859.665473 15.256914 -10.204900 -1.678954
1769100859.730348 15.257434 -10.211057 -1.681491
1769100859.780409 15.257762 -10.215123 -1.683319
1769100859.835340 15.258109 -10.219469 -1.685435
1769100859.890329 15.258605 -10.225726 -1.686150
1769100859.940355 15.258932 -10.230017 -1.686231
1769100859.995344 15.259410 -10.236196 -1.685515
1769100861.610368 15.217924 -10.395983 -1.734674
1769100861.670358 15.217995 -10.400345 -1.741764
1769100861.725353 15.218033 -10.404552 -1.749010
1769100861.775349 15.218046 -10.410974 -1.754549
1769100861.825365 15.218045 -10.415310 -1.762189
1769100861.880351 15.218007 -10.419565 -1.768321
1769100861.985336 15.215938 -10.475056 -1.817420
1769100863.740414 15.215680 -10.479174 -1.821539
1769100863.790405 15.158664 -10.608460 -1.949641
1769100863.855386 15.156935 -10.617023 -1.961753
1769100863.905406 15.155588 -10.623354 -1.968544
1769100863.960390 15.154657 -10.627600 -1.972876
1769100864.025380 15.153722 -10.631770 -1.976076
1769100865.695414 15.152278 -10.638015 -1.978196
1769100865.755418 15.094265 -10.769334 -2.024307
1769100865.815435 15.093164 -10.773412 -2.026193
1769100865.870395 15.092011 -10.777625 -2.026272
1769100865.920438 15.090303 -10.783878 -2.027234
1769100865.975431 15.089222 -10.787829 -2.027910
1769100866.030428 15.088066 -10.792078 -2.028803
1769100867.630446 15.009003 -10.924865 -2.039453
1769100867.705446 15.006742 -10.933286 -2.046898
1769100867.760426 15.005022 -10.939403 -2.045440
1769100867.815444 15.003914 -10.943394 -2.044114
1769100867.875441 15.002763 -10.947558 -2.043158
1769100867.945437 15.001026 -10.953823 -2.039526
1769100869.590486 14.935649 -11.078188 -1.924445
1769100869.660481 14.934506 -11.086470 -1.924315
1769100869.720455 14.933620 -11.092739 -1.924621
1769100869.775541 14.933025 -11.096990 -1.923783
1769100869.830462 14.932432 -11.101257 -1.924301
1769100869.890480 14.931516 -11.107696 -1.924269
1769100869.945488 14.930908 -11.112021 -1.923066
1769100871.635530 14.848029 -11.284133 -1.910315
1769100871.705509 14.846896 -11.292465 -1.910032
1769100871.765505 14.846019 -11.298863 -1.909986
1769100871.830489 14.845442 -11.303133 -1.909290
1769100871.895524 14.844867 -11.307481 -1.909588
1769100871.955509 14.843423 -11.318136 -1.907697
1769100873.685546 14.796131 -11.475099 -1.905273
1769100873.755545 14.794702 -11.485365 -1.901072
1769100873.810534 14.794140 -11.489598 -1.900609
1769100873.870534 14.793302 -11.495802 -1.900517
1769100873.930543 14.792751 -11.499975 -1.900434
1769100873.985533 14.792191 -11.504252 -1.900958
1769100874.040544 14.791336 -11.510541 -1.899949
1769100875.845554 14.700287 -11.681599 -1.993218
1769100875.920567 14.697621 -11.691994 -2.000437
1769100875.975549 14.696573 -11.696018 -2.005516
1769100876.035550 14.695448 -11.700218 -2.009345
1769100877.735583 14.693744 -11.706476 -2.018185
1769100877.795617 14.642228 -11.866159 -2.051210
1769100877.885595 14.639013 -11.876025 -2.046618
1769100877.945553 14.637680 -11.880180 -2.047441
1769100878.000575 14.634454 -11.890237 -2.048880
1769100879.700608 14.632524 -11.896163 -2.047708
1769100879.755589 14.571279 -12.038026 -2.050533
1769100879.825610 14.569351 -12.044061 -2.049643
1769100879.880609 14.568047 -12.048140 -2.048718
1769100879.940597 14.566850 -12.051900 -2.048464
1769100879.995717 14.564903 -12.058067 -2.049287
1769100880.060616 14.562327 -12.066107 -2.048420
1769100881.705675 14.445932 -12.208370 -2.102856
1769100881.775625 14.444306 -12.212321 -2.105478
1769100881.830626 14.442674 -12.216289 -2.109998
1769100881.885657 14.440238 -12.222157 -2.114795
1769100881.955606 14.436255 -12.231523 -2.123670
1769100882.015638 14.434558 -12.235457 -2.128795
1769100883.800712 14.432879 -12.239256 -2.133930
1769100883.865705 14.359877 -12.374714 -2.302404
1769100883.930668 14.356337 -12.380064 -2.307364
1769100883.985674 14.353993 -12.383572 -2.312228
1769100884.045693 14.351582 -12.387124 -2.317748
1769100885.685687 14.347980 -12.392380 -2.323182
1769100885.740767 14.234167 -12.509623 -2.488255
1769100885.815685 14.226920 -12.517212 -2.496918
1769100885.885680 14.223917 -12.520270 -2.499570
1769100885.945691 14.219422 -12.524875 -2.504447
1769100886.000694 14.213201 -12.531143 -2.516288
1769100887.665700 14.093631 -12.601871 -2.669451
1769100887.740723 14.090190 -12.604346 -2.674510
1769100887.795717 14.086727 -12.606803 -2.679452
1769100887.850734 14.077943 -12.613000 -2.694441
1769100887.910714 14.074361 -12.615462 -2.700443
1769100887.970720 14.068997 -12.619065 -2.705408
1769100889.640766 13.909245 -12.679525 -2.853882
1769100889.705742 13.899632 -12.683978 -2.862898
1769100889.765743 13.895764 -12.685757 -2.869395
1769100889.835744 13.889885 -12.688359 -2.875193
1769100889.895744 13.886008 -12.690090 -2.881594
1769100889.950749 13.882064 -12.691826 -2.888381
1769100890.005753 13.872245 -12.695950 -2.897006
1769100891.660764 13.717751 -12.721787 -3.054199
1769100891.725772 13.713626 -12.722796 -3.058058
1769100891.775774 13.707301 -12.724310 -3.063461
1769100891.830789 13.703195 -12.725284 -3.068367
1769100891.885769 13.699013 -12.726228 -3.073764
1769100891.940776 13.692588 -12.727717 -3.084849
1769100891.995779 13.688430 -12.728593 -3.090612
1769100893.625796 13.531834 -12.717033 3.051975
1769100893.685797 13.525655 -12.717490 3.051427
1769100893.750798 13.521450 -12.717791 3.051389
1769100893.805810 13.510567 -12.718552 3.048666
1769100893.865855 13.506200 -12.718869 3.045800
1769100893.925813 13.501930 -12.719131 3.045337
1769100893.975826 13.495469 -12.719571 3.042408
1769100895.595819 13.345421 -12.687316 3.011077
1769100895.660838 13.334720 -12.687906 3.011160
1769100895.720817 13.330458 -12.688123 3.011352
1769100895.780813 13.326089 -12.688353 3.011031
1769100895.840837 13.319521 -12.688726 3.008145
1769100895.890832 13.315312 -12.688931 3.007757
1769100895.945832 13.311261 -12.689144 3.006406
1769100897.580849 13.260096 -12.691434 3.006548
1769100897.640851 13.147414 -12.655158 2.991189
1769100897.710844 13.136693 -12.655555 2.992595
1769100897.775864 13.132280 -12.655775 2.989630
1769100897.830862 13.128134 -12.655926 2.989041
1769100897.880871 13.121779 -12.656123 2.989664
1769100897.935869 13.117433 -12.656299 2.987962
1769100899.515900 13.067731 -12.657931 2.980680
1769100899.565887 12.954280 -12.622837 2.972918
1769100899.645896 12.950017 -12.622939 2.972701
1769100899.695905 12.943669 -12.623057 2.973872
1769100899.760952 12.935181 -12.623276 2.971457
1769100899.820875 12.928865 -12.623379 2.972716
1769100899.910882 12.874865 -12.624363 2.961627
1769100901.595931 12.868560 -12.624432 2.961672
1769100901.650938 12.744187 -12.632400 3.076383
1769100901.715935 12.739931 -12.632903 3.081812
1769100901.775914 12.735806 -12.633398 3.089030
1769100901.840931 12.729503 -12.634290 3.093299
1769100901.900923 12.725403 -12.634830 3.100473
1769100901.955920 12.714712 -12.636482 3.110821
1769100903.656058 12.549166 -12.672043 -3.105801
1769100903.720953 12.545288 -12.672888 -3.102598
1769100903.775950 12.539220 -12.674273 -3.101166
1769100903.835944 12.535028 -12.675241 -3.100418
1769100903.895956 12.530946 -12.676182 -3.098264
1769100903.950941 12.520588 -12.678614 -3.096151
1769100904.000949 12.516518 -12.679581 -3.095539
1769100905.681047 12.375462 -12.668530 -3.110630
1769100905.755990 12.366864 -12.670409 -3.108807
1769100905.805993 12.360533 -12.671772 -3.107744
1769100905.860996 12.356310 -12.672694 -3.104994
1769100905.911011 12.352268 -12.673580 -3.102752
1769100905.965997 12.346100 -12.674946 -3.101538
1769100906.020995 12.341973 -12.675904 -3.102638
1769100907.681012 12.180477 -12.668638 -3.114562
1769100907.746013 12.176197 -12.669593 -3.117527
1769100907.805997 12.165496 -12.671838 -3.116913
1769100907.866008 12.161386 -12.672708 -3.115469
1769100907.921008 12.157257 -12.673585 -3.113886
1769100907.981074 12.151318 -12.674867 -3.114195
1769100908.046015 12.147308 -12.675740 -3.112942
1769100909.626078 11.988674 -12.667736 -3.125053
1769100909.696048 11.984377 -12.668666 -3.128298
1769100909.756106 11.973624 -12.670871 -3.130080
1769100909.811080 11.969440 -12.671722 -3.128709
1769100909.866099 11.965215 -12.672604 -3.128999
1769100909.921040 11.961014 -12.673516 -3.131731
1769100909.976032 11.954876 -12.674740 -3.130076
1769100911.611045 11.784229 -12.670817 -3.135388
1769100911.676059 11.780130 -12.671663 -3.136594
1769100911.736077 11.776155 -12.672481 -3.137376
1769100911.791076 11.769824 -12.673735 -3.137089
1769100911.846072 11.765837 -12.674523 -3.136231
1769100911.901061 11.755600 -12.676567 -3.138792
1769100911.956095 11.751343 -12.677395 -3.136955
1769100913.541120 11.597620 -12.668409 -3.139789
1769100913.606096 11.587013 -12.670580 -3.141101
1769100913.666098 11.582758 -12.671427 -3.139703
1769100913.726158 11.578560 -12.672274 -3.140156
1769100913.781120 11.572256 -12.673549 3.141343
1769100913.841094 11.568105 -12.674390 3.139323
1769100913.896089 11.563871 -12.675243 3.136657
1769100913.951105 11.509597 -12.686005 -3.122069
1769100915.501128 11.505568 -12.686882 -3.117150
1769100915.561134 11.392966 -12.667387 -3.067078
1769100915.646128 11.389166 -12.668485 -3.067289
1769100915.706127 11.379477 -12.671270 -3.068461
1769100915.761125 11.375434 -12.672433 -3.069000
1769100915.816101 11.369518 -12.674118 -3.068946
1769100915.876139 11.365616 -12.675236 -3.070153
1769100915.961159 11.311947 -12.690367 -3.066700
1769100917.606174 11.307876 -12.691548 -3.067660
1769100917.676134 11.159346 -12.684692 -3.072594
1769100917.751158 11.149425 -12.687481 -3.071322
1769100917.811150 11.145285 -12.688635 -3.071594
1769100917.871151 11.139047 -12.690381 -3.071557
1769100917.926168 11.134850 -12.691563 -3.073396
1769100917.986223 11.130653 -12.692736 -3.074826
1769100919.671190 10.956949 -12.698444 -3.066119
1769100919.741208 10.952860 -12.699579 -3.065096
1769100919.801185 10.946754 -12.701312 -3.065468
1769100919.856207 10.938405 -12.703644 -3.067842
1769100919.916185 10.932199 -12.705393 -3.067851
1769100919.971203 10.927937 -12.706573 -3.068472
1769100920.026200 10.923822 -12.707697 -3.068315
1769100921.626222 10.758793 -12.706551 -3.068572
1769100921.701201 10.749047 -12.709220 -3.066027
1769100921.756219 10.744927 -12.710336 -3.064866
1769100921.811224 10.738721 -12.712094 -3.066943
1769100921.866208 10.734578 -12.713222 -3.066727
1769100921.921215 10.730433 -12.714357 -3.067268
1769100921.981214 10.697393 -12.723371 -3.075122
1769100923.566231 10.574404 -12.722453 -3.075577
1769100923.631240 10.570274 -12.723543 -3.073153
1769100923.696229 10.566146 -12.724634 -3.070288
1769100923.756249 10.555781 -12.727471 -3.069924
1769100923.811251 10.551658 -12.728589 -3.069383
1769100923.866254 10.545444 -12.730309 -3.067858
1769100923.921317 10.541348 -12.731435 -3.069872
1769100923.991248 10.493986 -12.744246 -3.081032
1769100925.566295 10.487683 -12.745935 -3.079902
1769100925.621258 10.364946 -12.739249 -3.081638
1769100925.686261 10.360714 -12.740361 -3.080973
1769100925.741281 10.356509 -12.741479 -3.081020
1769100925.796278 10.350283 -12.743166 -3.080463
1769100925.851279 10.346125 -12.744261 -3.076932
1769100925.901285 10.336165 -12.746961 -3.077969
1769100925.996283 10.289095 -12.759543 -3.088254
1769100927.751311 10.172161 -12.740902 -3.084722
1769100927.811324 10.161728 -12.743617 -3.080745
1769100927.866290 10.157617 -12.744696 -3.081982
1769100927.921363 10.151475 -12.746318 -3.079977
1769100927.981302 10.147531 -12.747336 -3.078322
1769100928.031304 10.143491 -12.748387 -3.077509
1769100929.736362 10.137409 -12.750027 -3.079777
1769100929.791336 9.967532 -12.748331 -3.096286
1769100929.851324 9.957214 -12.750988 -3.095049
1769100929.906310 9.953166 -12.752018 -3.092904
1769100929.961319 9.949120 -12.753051 -3.090897
1769100930.021332 9.943031 -12.754665 -3.092457
1769100931.601390 9.939042 -12.755710 -3.093982
1769100931.661366 9.789513 -12.744453 -3.089404
1769100931.741364 9.783211 -12.746066 -3.090348
1769100931.796374 9.779088 -12.747108 -3.090970
1769100931.861373 9.770893 -12.749186 -3.090583
1769100931.931366 9.764665 -12.750780 -3.088619
1769100931.981433 9.760544 -12.751831 -3.087402
1769100932.041353 9.756478 -12.752886 -3.088739
1769100933.806434 9.584094 -12.753671 -3.093153
1769100933.871444 9.579963 -12.754691 -3.091511
1769100933.926391 9.575741 -12.755747 -3.092739
1769100933.976468 9.569554 -12.757299 -3.091699
1769100934.031402 9.565475 -12.758315 -3.089285
1769100935.766402 9.559216 -12.759898 -3.087205
1769100935.821425 9.372796 -12.764934 -3.097208
1769100935.886402 9.366731 -12.766444 -3.100684
1769100935.941419 9.362498 -12.767466 -3.100613
1769100935.991466 9.358243 -12.768502 -3.100668
1769100936.056430 9.347839 -12.771041 -3.097432
1769100937.671441 9.343857 -12.772021 -3.097809
1769100937.731455 9.181491 -12.758003 -3.110235
1769100937.796452 9.177550 -12.758939 -3.110322
1769100937.861454 9.167214 -12.761420 -3.114886
1769100937.921444 9.162951 -12.762422 -3.114946
1769100937.986505 9.156522 -12.763940 -3.116411
1769100938.041453 9.152429 -12.764894 -3.116486
1769100939.716485 8.987740 -12.804740 -3.072229
1769100939.786482 8.983597 -12.805902 -3.067407
1769100939.846481 8.979464 -12.807096 -3.063454
1769100939.901479 8.973078 -12.808970 -3.060220
1769100939.956554 8.964712 -12.811470 -3.052409
1769100940.006485 8.958468 -12.813381 -3.048727
1769100941.736511 8.954284 -12.814672 -3.043896
1769100941.786495 8.801886 -12.812228 -2.878783
1769100941.851501 8.796277 -12.815097 -2.873610
1769100941.911497 8.788940 -12.818928 -2.867489
1769100941.971504 8.783315 -12.821887 -2.862850
1769100942.026517 8.779519 -12.823913 -2.860594
1769100943.676565 8.775688 -12.825991 -2.858640
1769100943.726542 8.620732 -12.862708 -2.742346
1769100943.786525 8.617311 -12.865012 -2.742310
1769100943.841535 8.614093 -12.867180 -2.740690
1769100943.896537 8.608897 -12.870692 -2.741121
1769100943.946545 8.605392 -12.873062 -2.740442
1769100945.661574 8.459126 -12.924464 -2.744978
1769100945.726541 8.455623 -12.926799 -2.744371
1769100945.776561 8.450407 -12.930264 -2.742254
1769100945.831660 8.447103 -12.932475 -2.741441
1769100945.891577 8.441908 -12.935951 -2.741134
1769100945.946572 8.438286 -12.938377 -2.740257
1769100947.541662 8.397910 -12.965289 -2.768138
1769100947.596663 8.282328 -12.984344 -2.860882
1769100947.671605 8.273110 -12.988822 -2.870312
1769100947.731618 8.267325 -12.991561 -2.873102
1769100947.791597 8.263734 -12.993270 -2.880884
1769100947.846654 8.259895 -12.995051 -2.885176
1769100947.901600 8.250500 -12.999332 -2.894140
1769100949.526685 8.204181 -13.019136 -2.920664
1769100949.581640 8.081431 -13.029937 -2.954312
1769100949.641698 8.075416 -13.032416 -2.954331
1769100949.691630 8.071697 -13.033953 -2.955238
1769100949.756633 8.061766 -13.038037 -2.955040
1769100949.816613 8.057933 -13.039617 -2.955424
1769100949.871606 8.013038 -13.058215 -2.957611
1769100951.551724 8.003066 -13.062320 -2.959839
1769100951.606643 7.882112 -13.060910 -2.960879
1769100951.671638 7.876142 -13.063361 -2.962895
1769100951.726600 7.872311 -13.064922 -2.962116
1769100951.781640 7.868394 -13.066520 -2.961464
1769100951.841707 7.862493 -13.068936 -2.961810
1769100951.901635 7.854596 -13.072168 -2.959823
1769100953.606729 7.807796 -13.091530 -2.959895
1769100953.661650 7.687616 -13.092722 -2.959490
1769100953.721695 7.683819 -13.094273 -2.959506
1769100953.776679 7.677821 -13.096722 -2.960562
1769100953.831656 7.674071 -13.098255 -2.961157
1769100953.881673 7.668342 -13.100578 -2.958955
1769100953.936673 7.664554 -13.102135 -2.958883
1769100955.636730 7.619706 -13.120631 -2.960669
1769100955.691715 7.497521 -13.129184 -2.966462
1769100955.761705 7.487365 -13.133302 -2.967779
1769100955.821711 7.483346 -13.134927 -2.966348
1769100955.876699 7.479291 -13.136575 -2.965292
1769100955.931705 7.473309 -13.139002 -2.963453
1769100955.981699 7.469371 -13.140612 -2.961679
1769100957.631963 7.311723 -13.151476 -2.961796
1769100957.691731 7.307623 -13.153148 -2.962591
1769100957.746733 7.301835 -13.155507 -2.964377
1769100957.806773 7.293662 -13.158813 -2.961730
1769100957.871737 7.287681 -13.161245 -2.960599
1769100957.931716 7.283629 -13.162900 -2.960838
1769100957.981735 7.279617 -13.164534 -2.959482
1769100959.661772 7.121739 -13.180853 -2.963616
1769100959.726755 7.118036 -13.182368 -2.963143
1769100959.781756 7.113865 -13.184074 -2.962011
1769100959.841734 7.108129 -13.186434 -2.961680
1769100959.896758 7.104081 -13.188100 -2.962033
1769100959.946767 7.097993 -13.190605 -2.961616
1769100960.001759 7.089959 -13.193905 -2.962045
1769100961.591786 6.933023 -13.221260 -2.962811
1769100961.656778 6.923142 -13.225387 -2.960649
1769100961.711780 6.919124 -13.227068 -2.959169
1769100961.766775 6.913411 -13.229478 -2.958484
1769100961.816789 6.909399 -13.231169 -2.958273
1769100961.871796 6.905385 -13.232858 -2.957716
1769100961.931777 6.899371 -13.235403 -2.959167
1769100963.581816 6.853928 -13.254501 -2.953964
1769100963.636818 6.718425 -13.259792 -2.955340
1769100963.701818 6.708853 -13.263930 -2.953211
1769100963.756813 6.704860 -13.265663 -2.953204
1769100963.811813 6.700885 -13.267380 -2.952283
1769100963.866815 6.694994 -13.269950 -2.954925
1769100963.921824 6.690954 -13.271700 -2.957262
1769100965.526839 6.645720 -13.291150 -2.951866
1769100965.581847 6.529201 -13.288168 -2.947787
1769100965.646838 6.525310 -13.289884 -2.946392
1769100965.701847 6.515855 -13.294098 -2.944838
1769100965.761832 6.510188 -13.296619 -2.943390
1769100965.836839 6.506310 -13.298359 -2.945734
1769100965.921875 6.455049 -13.321002 -2.949226
1769100967.751866 6.451090 -13.322753 -2.947805
1769100967.806876 6.322128 -13.323204 -2.937834
1769100967.876879 6.316346 -13.325778 -2.937910
1769100967.936870 6.312437 -13.327512 -2.938177
1769100967.991880 6.308646 -13.329202 -2.940588
1769100968.056878 6.298805 -13.333548 -2.939988
1769100969.682015 6.157558 -13.361875 -2.940231
1769100969.746916 6.157560 -13.361878 -2.940242
1769100969.801991 6.138664 -13.370404 -2.940378
1769100969.866891 6.134860 -13.372126 -2.940341
1769100969.931922 6.134864 -13.372135 -2.940345
1769100969.986909 6.125128 -13.376528 -2.940070
1769100970.041911 6.121160 -13.378321 -2.939136
1769100971.811983 5.962510 -13.394801 -2.936028
1769100971.881920 5.918648 -13.414887 -2.935047
1769100971.946941 5.912928 -13.417530 -2.936205
1769100972.001940 5.905088 -13.421141 -2.932466
1769100973.657042 5.899323 -13.423810 -2.931779
1769100973.711971 5.742644 -13.426125 -2.939001
1769100973.781982 5.738798 -13.427815 -2.944510
1769100973.836977 5.732990 -13.430326 -2.948579
1769100973.891964 5.729127 -13.431979 -2.951483
1769100973.946974 5.725205 -13.433624 -2.952705
1769100974.001985 5.715423 -13.437715 -2.961474
1769100975.707036 5.562114 -13.453064 -3.100607
1769100975.771994 5.558044 -13.453981 -3.104549
1769100975.832010 5.554048 -13.454876 -3.112149
1769100975.892016 5.548139 -13.456134 -3.114494
1769100975.947007 5.544204 -13.456959 -3.116023
1769100976.002006 5.533948 -13.459066 -3.120405
1769100977.752047 5.529909 -13.459891 -3.122921
1769100977.807028 5.357893 -13.494568 -3.115432
1769100977.877025 5.353757 -13.495427 -3.115052
1769100977.932029 5.347486 -13.496711 -3.113515
1769100977.987026 5.343398 -13.497569 -3.114130
1769100978.042045 5.339038 -13.498474 -3.113337
1769100979.747060 5.334825 -13.499349 -3.113315
1769100979.807075 5.167481 -13.493366 -3.106785
1769100979.877059 5.161170 -13.494716 -3.106436
1769100979.932070 5.157040 -13.495624 -3.106777
1769100979.987083 5.152815 -13.496553 -3.106730
1769100980.042130 5.146489 -13.497911 -3.103069
1769100981.752111 5.138405 -13.499698 -3.103691
1769100981.807106 4.984106 -13.494284 -3.106064
1769100981.872089 4.979931 -13.495199 -3.104415
1769100981.927074 4.973626 -13.496582 -3.104084
1769100981.977152 4.969357 -13.497520 -3.100629
1769100982.032097 4.965258 -13.498437 -3.099126
1769100983.582103 4.958981 -13.499838 -3.099053
1769100983.642121 4.804604 -13.495248 -3.096839
1769100983.712118 4.794285 -13.497554 -3.097237
1769100983.767133 4.790017 -13.498505 -3.096349
1769100983.822134 4.783942 -13.499858 -3.095879
1769100983.882126 4.779721 -13.500812 -3.095871
1769100983.942122 4.773604 -13.502177 -3.092034
1769100983.997091 4.769461 -13.503125 -3.090874
1769100985.672146 4.618025 -13.489947 -3.085422
1769100985.747171 4.611619 -13.491452 -3.086415
1769100985.802146 4.607332 -13.492469 -3.087579
1769100985.852139 4.596722 -13.494949 -3.084805
1769100985.907154 4.592565 -13.495936 -3.083825
1769100985.962152 4.588381 -13.496930 -3.082349
1769100986.017153 4.582176 -13.498411 -3.081297
1769100987.677227 4.416118 -13.495168 -3.077256
1769100987.747172 4.409804 -13.496727 -3.078437
1769100987.802187 4.399351 -13.499293 -3.081049
1769100987.857217 4.395369 -13.500268 -3.081319
1769100987.912179 4.391170 -13.501281 -3.079633
1769100987.967163 4.385172 -13.502746 -3.079655
1769100988.022165 4.381094 -13.503741 -3.077999
1769100989.747258 4.233799 -13.499770 -3.076994
1769100989.817202 4.223298 -13.502434 -3.078091
1769100989.872257 4.219125 -13.503487 -3.078875
1769100989.932213 4.212916 -13.505047 -3.079591
1769100989.987204 4.208695 -13.506107 -3.079122
1769100990.042216 4.204625 -13.507125 -3.077519
1769100991.692292 4.198416 -13.508686 -3.077276
1769100991.757240 4.016216 -13.521971 -3.062336
1769100991.832212 4.012004 -13.523094 -3.064479
1769100991.887239 4.005859 -13.524714 -3.065712
1769100991.942225 4.001701 -13.525810 -3.065742
1769100991.997250 3.997613 -13.526879 -3.065080
1769100992.052303 3.987160 -13.529611 -3.066343
1769100993.697257 3.832135 -13.518452 -3.057810
1769100993.762271 3.823830 -13.520743 -3.060128
1769100993.817240 3.817748 -13.522405 -3.061077
1769100993.867265 3.813646 -13.523528 -3.061533
1769100993.922254 3.809764 -13.524577 -3.060162
1769100993.977275 3.803412 -13.526306 -3.062617
1769100994.032255 3.799037 -13.527495 -3.064510
1769100995.727280 3.621737 -13.532203 -3.048323
1769100995.792327 3.615015 -13.534110 -3.049781
1769100995.847281 3.610364 -13.535416 -3.049640
1769100995.897354 3.605833 -13.536695 -3.050242
1769100995.952361 3.594500 -13.539874 -3.051077
1769100996.012315 3.587870 -13.541722 -3.050439
1769100997.702309 3.583241 -13.543005 -3.048339
1769100997.767300 3.387144 -13.546834 -3.036388
1769100997.842335 3.379648 -13.549059 -3.037036
1769100997.902329 3.375036 -13.550418 -3.038054
1769100997.952338 3.362905 -13.554019 -3.039213
1769100998.007335 3.358002 -13.555464 -3.037638
1769100999.707409 3.353104 -13.556930 -3.038213
1769100999.762356 3.153115 -13.550949 -3.054091
1769100999.827343 3.148072 -13.552273 -3.055340
1769100999.877364 3.143197 -13.553544 -3.059316
1769100999.932344 3.135667 -13.555458 -3.063161
1769100999.982364 3.130759 -13.556702 -3.067656
1769101000.037368 3.118539 -13.559692 -3.078624
1769101001.677388 2.924750 -13.566062 3.064424
1769101001.747377 2.919714 -13.566609 3.063982
1769101001.807382 2.907147 -13.567951 3.062006
1769101001.862389 2.901955 -13.568476 3.060795
1769101001.912390 2.894197 -13.569294 3.058269
1769101001.967375 2.889005 -13.569794 3.059173
1769101003.687382 2.698704 -13.547462 3.052180
1769101003.752409 2.685668 -13.548595 3.050497
1769101003.812399 2.680522 -13.549029 3.051163
1769101003.877405 2.672703 -13.549694 3.050192
1769101003.937409 2.667658 -13.550117 3.049579
1769101003.987392 2.662561 -13.550562 3.046841
1769101005.712446 2.461884 -13.509745 3.014657
1769101005.807451 2.449228 -13.510543 3.019601
1769101005.862461 2.444251 -13.510880 3.020902
1769101005.917459 2.439115 -13.511264 3.019668
1769101005.977456 2.431589 -13.511781 3.021009
1769101006.032444 2.426349 -13.512192 3.016273
1769101007.667511 2.421273 -13.512534 3.015300
1769101007.732483 2.222929 -13.468353 2.995602
1769101007.802476 2.212678 -13.468884 2.984603
1769101007.877468 2.204940 -13.469210 2.978217
1769101007.937474 2.199783 -13.469397 2.972754
1769101007.987465 2.194599 -13.469537 2.969602
1769101009.692513 1.999622 -13.424473 2.901634
1769101009.767499 1.986514 -13.424013 2.898487
1769101009.822505 1.981289 -13.423799 2.898986
1769101009.877491 1.973419 -13.423507 2.896817
1769101009.937495 1.968340 -13.423299 2.897270
1769101009.992512 1.963207 -13.423099 2.896910
1769101011.832543 1.757035 -13.358505 2.889152
1769101011.897544 1.751923 -13.358072 2.887215
1769101011.952602 1.739148 -13.357009 2.875988
1769101012.007537 1.734028 -13.356537 2.870205
1769101013.657579 1.726283 -13.355748 2.865820
1769101013.712560 1.551855 -13.278480 2.796819
1769101013.772567 1.547097 -13.277770 2.793417
1769101013.827563 1.539917 -13.276689 2.788416
1769101013.882654 1.534782 -13.275893 2.782255
1769101013.932575 1.527392 -13.274704 2.776020
1769101013.992665 1.522271 -13.273863 2.769969
1769101015.757590 1.307216 -13.193517 2.632754
1769101015.827605 1.302343 -13.191749 2.631822
1769101015.877587 1.295155 -13.189141 2.629311
1769101015.932608 1.290372 -13.187390 2.626357
1769101015.987609 1.285497 -13.185585 2.624313
1769101016.037625 1.278473 -13.182975 2.623127
1769101017.737620 1.273732 -13.181226 2.620255
1769101017.792609 1.082404 -13.108433 2.618629
1769101017.867607 1.073220 -13.104903 2.618145
1769101017.917615 1.066311 -13.102287 2.616570
1769101017.972630 1.061730 -13.100510 2.618340
1769101018.027610 1.054763 -13.097882 2.616487
1769101019.687607 0.895113 -13.000478 2.602698
1769101019.757620 0.883207 -12.995927 2.600876
1769101019.822602 0.878404 -12.994052 2.600764
1769101019.877601 0.871104 -12.991260 2.597124
1769101019.932631 0.866541 -12.989471 2.595801
1769101019.987607 0.861677 -12.987590 2.593002
1769101020.042701 0.854930 -12.984915 2.594075
1769101021.702668 0.677104 -12.902113 2.449830
1769101021.762688 0.665915 -12.895659 2.440973
1769101021.817683 0.661649 -12.893183 2.436151
1769101021.872680 0.655279 -12.889382 2.435836
1769101021.927685 0.650865 -12.886775 2.433249
1769101021.987658 0.646647 -12.884228 2.431595
1769101022.057651 0.635847 -12.877793 2.420101
1769101023.772688 0.514601 -12.703053 2.333025
1769101023.837697 0.510391 -12.700042 2.332714
1769101023.892701 0.506171 -12.697016 2.330989
1769101023.947693 0.500004 -12.692602 2.328683
1769101024.002710 0.495929 -12.689652 2.327141
1769101025.727732 0.485273 -12.681937 2.324484
1769101025.777737 0.337801 -12.548800 2.215038
1769101025.842772 0.334043 -12.545432 2.214825
1769101025.897723 0.330088 -12.541963 2.210912
1769101025.952728 0.320706 -12.533464 2.213341
1769101026.002717 0.316892 -12.530042 2.212400
1769101027.627746 0.221179 -12.364679 2.161402
1769101027.692760 0.217574 -12.361052 2.162688
1769101027.747752 0.212405 -12.355864 2.163729
1769101027.797740 0.208945 -12.352430 2.163112
1769101027.857789 0.200202 -12.343726 2.163529
1769101027.907753 0.196704 -12.340228 2.165697
1769101027.962770 0.193094 -12.336679 2.165817
1769101029.542810 0.100591 -12.168472 2.162513
1769101029.607797 0.091630 -12.159538 2.164992
1769101029.662795 0.088054 -12.156002 2.165061
1769101029.722789 0.082586 -12.150586 2.164093
1769101029.782797 0.078928 -12.146974 2.162763
1769101029.842810 0.075285 -12.143360 2.160130
1769101029.937796 0.028069 -12.095610 2.158421
1769101031.687824 -0.058543 -11.959150 2.136986
1769101031.757810 -0.065722 -11.951548 2.126806
1769101031.812825 -0.070916 -11.945925 2.120461
1769101031.867810 -0.074487 -11.942018 2.115492
1769101031.922831 -0.078022 -11.938111 2.110047
1769101031.972804 -0.083090 -11.932386 2.106455
1769101032.027819 -0.086279 -11.928783 2.102480
1769101033.742859 -0.173158 -11.752546 1.971994
1769101033.812849 -0.179999 -11.742340 1.971483
1769101033.872848 -0.182818 -11.738110 1.971263
1769101033.927838 -0.185624 -11.733900 1.970569
1769101033.977852 -0.189897 -11.727444 1.970611
1769101034.032844 -0.192785 -11.723095 1.971312
1769101035.722862 -0.195576 -11.718915 1.970126
1769101035.777876 -0.273122 -11.510287 1.952513
1769101035.842871 -0.277194 -11.503938 1.953777
1769101035.897875 -0.279909 -11.499773 1.952916
1769101035.952888 -0.282741 -11.495400 1.951849
1769101036.002877 -0.289676 -11.484748 1.945362
1769101037.712986 -0.292457 -11.480394 1.944482
1769101037.762924 -0.355337 -11.292406 1.930893
1769101037.827926 -0.357947 -11.288160 1.932095
1769101037.882905 -0.362204 -11.281328 1.930649
1769101037.932913 -0.364801 -11.277088 1.931926
1769101037.987916 -0.367569 -11.272655 1.932402
1769101038.037919 -0.371475 -11.266334 1.934346
1769101039.717921 -0.446069 -11.059951 1.915062
1769101039.777944 -0.449757 -11.053759 1.916498
1769101039.837947 -0.452293 -11.049583 1.915450
1769101039.887949 -0.454863 -11.045272 1.917560
1769101039.942943 -0.458954 -11.038569 1.915707
1769101039.997954 -0.461606 -11.034198 1.914396
1769101040.048008 -0.464153 -11.029996 1.914109
1769101041.637987 -0.533291 -10.822650 1.906447
1769101041.697995 -0.536001 -10.818122 1.906060
1769101041.752958 -0.538416 -10.814047 1.906100
1769101041.807979 -0.544540 -10.803801 1.903132
1769101041.872987 -0.548299 -10.797458 1.901710
1769101041.932970 -0.550821 -10.793207 1.899455
1769101041.987962 -0.554438 -10.787010 1.898438
1769101043.638044 -0.611555 -10.598657 1.892773
1769101043.698032 -0.613955 -10.594393 1.891052
1769101043.748015 -0.617592 -10.587930 1.889944
1769101043.803012 -0.622613 -10.578981 1.884323
1769101043.858034 -0.626317 -10.572346 1.881036
1769101043.917997 -0.628704 -10.567921 1.882143
1769101043.983000 -0.657846 -10.514667 1.881858
1769101045.658042 -0.660168 -10.510372 1.881463
1769101045.718030 -0.681288 -10.348328 1.848765
1769101045.788021 -0.683533 -10.343928 1.847916
1769101045.848031 -0.686934 -10.337295 1.847351
1769101045.903048 -0.689162 -10.332872 1.848362
1769101045.953029 -0.694815 -10.321881 1.846528
1769101046.018036 -0.697102 -10.317423 1.844805
1769101047.618084 -0.734956 -10.140950 1.818229
1769101047.678070 -0.737146 -10.136385 1.818756
1769101047.728068 -0.740439 -10.129537 1.819510
1769101047.778075 -0.742638 -10.124986 1.819620
1769101047.833085 -0.744879 -10.120385 1.816858
1769101047.883043 -0.748055 -10.113752 1.816868
1769101049.583097 -0.776749 -10.053427 1.813015
1769101049.633101 -0.787902 -9.912972 1.806229
1769101049.693079 -0.791216 -9.905850 1.805321
1769101049.748108 -0.793451 -9.901027 1.803842
1769101049.798105 -0.796481 -9.894458 1.802778
1769101049.853104 -0.800572 -9.885448 1.803492
1769101049.903090 -0.803793 -9.878525 1.799000
1769101051.583136 -0.828045 -9.825106 1.799326
1769101051.638134 -0.833109 -9.689963 1.783991
1769101051.708124 -0.838281 -9.677904 1.778908
1769101051.758117 -0.840391 -9.672919 1.778433
1769101051.813135 -0.843435 -9.665753 1.779843
1769101051.868122 -0.845401 -9.661115 1.780502
1769101051.928119 -0.847201 -9.656837 1.782415
1769101053.623255 -0.871054 -9.601285 1.769427
1769101053.673157 -0.880439 -9.438567 1.751583
1769101053.733168 -0.883185 -9.431788 1.751875
1769101053.783169 -0.884925 -9.427427 1.754181
1769101053.848151 -0.886783 -9.422917 1.750741
1769101053.908174 -0.891518 -9.411262 1.745844
1769101055.618186 -0.913621 -9.354708 1.725993
1769101055.678191 -0.915702 -9.229999 1.719140
1769101055.738199 -0.918307 -9.222798 1.717554
1769101055.788194 -0.919979 -9.218176 1.714770
1769101055.838198 -0.922458 -9.211245 1.711939
1769101055.893176 -0.924148 -9.206443 1.710573
1769101055.953201 -0.925908 -9.201491 1.705614
1769101057.733223 -0.942297 -8.998877 1.675197
1769101057.793207 -0.943708 -8.994178 1.675661
1769101057.848263 -0.945949 -8.986777 1.675669
1769101057.898231 -0.947433 -8.981851 1.675226
1769101057.953220 -0.948840 -8.977171 1.675984
1769101058.003227 -0.952405 -8.965393 1.676762
1769101059.583327 -0.953899 -8.960466 1.676501
1769101059.633275 -0.953199 -8.780366 1.738674
1769101059.698263 -0.955044 -8.775693 1.738855
1769101059.758223 -0.959675 -8.764076 1.739971
1769101059.813243 -0.961514 -8.759484 1.739048
1769101059.868257 -0.963421 -8.754741 1.739786
1769101059.933243 -0.966341 -8.747605 1.738274
1769101061.568275 -0.988134 -8.693443 1.741175
1769101061.623278 -0.989546 -8.540933 1.755346
1769101061.693279 -0.992374 -8.534154 1.754615
1769101061.748278 -0.994180 -8.529766 1.755645
1769101061.818275 -0.999061 -8.518059 1.755541
1769101061.888274 -1.000883 -8.513632 1.757049
1769101061.948277 -1.002851 -8.508845 1.758602
1769101063.608330 -1.011732 -8.331363 1.754898
1769101063.673321 -1.014840 -8.324135 1.754691
1769101063.738315 -1.016887 -8.319337 1.752768
1769101063.793306 -1.018955 -8.314478 1.751835
1769101063.848306 -1.022015 -8.307339 1.750091
1769101063.903301 -1.024022 -8.302541 1.752889
1769101063.958330 -1.029017 -8.290768 1.756776
1769101065.598356 -1.038037 -8.101196 1.769316
1769101065.673338 -1.042179 -8.091715 1.768647
1769101065.733347 -1.045302 -8.084547 1.771806
1769101065.788345 -1.047393 -8.079798 1.771579
1769101065.853351 -1.052557 -8.068056 1.776761
1769101065.918337 -1.054658 -8.063268 1.779405
1769101065.983337 -1.056658 -8.058741 1.780554
1769101067.593347 -1.067611 -7.878996 1.772069
1769101067.658372 -1.071551 -7.869975 1.777201
1769101067.713374 -1.074588 -7.863140 1.780439
1769101067.768375 -1.076486 -7.858811 1.782092
1769101067.833360 -1.078500 -7.854232 1.782807
1769101067.893363 -1.081457 -7.847631 1.782757
1769101067.958380 -1.086724 -7.835833 1.782065
1769101069.658412 -1.105319 -7.661412 1.777694
1769101069.743398 -1.107486 -7.656626 1.777782
1769101069.798405 -1.109569 -7.652016 1.776595
1769101069.858409 -1.114768 -7.640551 1.774507
1769101069.923392 -1.116864 -7.635911 1.771239
1769101069.983388 -1.119974 -7.629045 1.770916
1769101070.038410 -1.122040 -7.624477 1.768471
1769101071.653513 -1.124214 -7.619637 1.770485
1769101071.708488 -1.147403 -7.413290 1.783212
1769101071.768442 -1.150773 -7.406037 1.782224
1769101071.823431 -1.152936 -7.401379 1.782889
1769101071.878418 -1.155031 -7.396879 1.781531
1769101071.943418 -1.158221 -7.390017 1.781798
1769101071.998435 -1.160247 -7.385681 1.780899
1769101073.723458 -1.193996 -7.189245 1.798128
1769101073.793448 -1.196158 -7.184722 1.799302
1769101073.843472 -1.199497 -7.177753 1.797344
1769101073.898453 -1.201730 -7.173096 1.798760
1769101073.953463 -1.207307 -7.161472 1.797574
1769101074.013449 -1.209419 -7.157113 1.794537
1769101075.708482 -1.249372 -6.969605 1.817826
1769101075.768491 -1.252789 -6.962706 1.814566
1769101075.823488 -1.255029 -6.958164 1.815706
1769101075.883482 -1.257282 -6.953653 1.812270
1769101075.933501 -1.260623 -6.946806 1.814316
1769101075.988513 -1.262955 -6.942083 1.814391
1769101077.733540 -1.306381 -6.738146 1.844621
1769101077.793520 -1.310004 -6.731127 1.844221
1769101077.848528 -1.312302 -6.726699 1.843299
1769101077.903507 -1.318078 -6.715521 1.846485
1769101077.958523 -1.320249 -6.711315 1.851244
1769101078.013516 -1.323435 -6.705211 1.852736
1769101079.758571 -1.360638 -6.521480 1.858302
1769101079.818565 -1.362610 -6.517711 1.860278
1769101079.868671 -1.364579 -6.513969 1.860338
1769101079.923552 -1.367564 -6.508274 1.861125
1769101079.973553 -1.369410 -6.504752 1.865366
1769101080.038547 -1.371441 -6.500901 1.865903
1769101081.838645 -1.376378 -6.491599 1.866372
1769101081.888656 -1.422566 -6.311578 1.862840
1769101081.948675 -1.424600 -6.307726 1.865008
1769101082.013592 -1.429466 -6.298534 1.864215
1769101083.698692 -1.432396 -6.293010 1.865079
1769101083.748595 -1.479476 -6.132011 1.869314
1769101083.808639 -1.484550 -6.122497 1.868650
1769101083.863729 -1.486633 -6.118584 1.870139
1769101083.913636 -1.488700 -6.114721 1.871023
1769101083.968646 -1.491867 -6.108812 1.868687
1769101084.018607 -1.493814 -6.105171 1.870722
1769101085.743615 -1.530004 -5.930904 1.868369
1769101085.803736 -1.531933 -5.927315 1.867697
1769101085.853624 -1.537194 -5.917552 1.869266
1769101085.908604 -1.539290 -5.913653 1.867675
1769101085.963637 -1.541393 -5.909753 1.866701
1769101086.023605 -1.544501 -5.903977 1.867838
1769101087.673679 -1.581627 -5.760673 1.875783
1769101087.733705 -1.583620 -5.757001 1.877004
1769101087.788652 -1.586774 -5.751201 1.875526
1769101087.843654 -1.588740 -5.747575 1.874790
1769101087.898657 -1.590832 -5.743706 1.871949
1769101087.958672 -1.595979 -5.734222 1.873813
1769101088.018707 -1.599117 -5.728434 1.873714
1769101089.808747 -1.644274 -5.553736 1.881160
1769101089.868701 -1.647415 -5.548033 1.883209
1769101089.923689 -1.649478 -5.544260 1.881893
1769101089.978688 -1.651587 -5.540396 1.880648
1769101090.043715 -1.654588 -5.534939 1.879056
1769101091.668730 -1.656665 -5.531141 1.878042
1769101091.723711 -1.690404 -5.382352 1.886473
1769101091.788706 -1.692401 -5.378775 1.884712
1769101091.853715 -1.697523 -5.369605 1.884807
1769101091.913711 -1.699613 -5.365844 1.884028
1769101091.968710 -1.702723 -5.360276 1.883307
1769101092.028735 -1.704824 -5.356495 1.881302
1769101093.683788 -1.735409 -5.200057 1.889538
1769101093.743753 -1.737509 -5.196335 1.888703
1769101093.798749 -1.740665 -5.190756 1.891210
1769101093.853766 -1.745749 -5.181747 1.888654
1769101093.908756 -1.747833 -5.178042 1.888073
1769101093.963742 -1.749870 -5.174424 1.888026
1769101094.013743 -1.752924 -5.168994 1.888932
1769101095.733831 -1.796960 -5.011002 1.899768
1769101095.793786 -1.799041 -5.007382 1.900295
1769101095.848788 -1.801161 -5.003699 1.898568
1769101095.903772 -1.806397 -4.994599 1.897162
1769101095.968772 -1.808464 -4.990997 1.898649
1769101096.038812 -1.811620 -4.985513 1.898278
1769101097.633808 -1.813645 -4.981987 1.895034
1769101097.688812 -1.860235 -4.812358 1.904482
1769101097.758844 -1.865412 -4.803421 1.905767
1769101097.818792 -1.867413 -4.799986 1.906770
1769101097.888806 -1.870563 -4.794560 1.906519
1769101097.948813 -1.872578 -4.791100 1.909001
1769101098.008824 -1.877900 -4.781965 1.907578
1769101099.663821 -1.927875 -4.623010 1.909378
1769101099.723833 -1.929916 -4.619486 1.908608
1769101099.778836 -1.933049 -4.614100 1.910142
1769101099.843829 -1.935201 -4.610406 1.910171
1769101099.908831 -1.940455 -4.601423 1.914095
1769101099.968841 -1.942592 -4.597777 1.913732
1769101100.028847 -1.944785 -4.594048 1.913380
1769101101.698852 -1.979611 -4.440588 1.917349
1769101101.773865 -1.983895 -4.433269 1.918529
1769101101.823897 -1.986035 -4.429618 1.920738
1769101101.878868 -1.989249 -4.424168 1.921772
1769101101.943872 -1.991319 -4.420654 1.923037
1769101102.003897 -1.996790 -4.411424 1.924599
1769101103.633920 -1.998955 -4.407761 1.926253
1769101103.693913 -2.040161 -4.251078 1.918561
1769101103.753891 -2.045636 -4.241786 1.919834
1769101103.808924 -2.047771 -4.238167 1.920062
1769101103.863916 -2.051106 -4.232526 1.919623
1769101103.928885 -2.053261 -4.228883 1.922030
1769101103.998901 -2.055484 -4.225143 1.922068
1769101105.673939 -2.092731 -4.074373 1.928311
1769101105.733925 -2.096035 -4.068822 1.930504
1769101105.798922 -2.098250 -4.065106 1.929926
1769101105.863938 -2.103893 -4.055650 1.929636
1769101105.918939 -2.105993 -4.052131 1.929285
1769101105.973940 -2.108237 -4.048364 1.932422
1769101106.038933 -2.111533 -4.042873 1.932784
1769101107.678955 -2.153920 -3.882856 1.930306
1769101107.743978 -2.156121 -3.879221 1.928410
1769101107.803974 -2.158425 -3.875412 1.925865
1769101107.859035 -2.163876 -3.866344 1.926834
1769101107.913966 -2.167131 -3.860914 1.928398
1769101107.973961 -2.169266 -3.857382 1.928375
1769101108.028963 -2.171357 -3.853926 1.923779
1769101109.644008 -2.211188 -3.705630 1.935469
1769101109.718996 -2.216627 -3.696710 1.931450
1769101109.783997 -2.218886 -3.692985 1.932422
1769101109.849008 -2.221063 -3.689391 1.932425
1769101109.928993 -2.226637 -3.680161 1.931069
1769101109.983982 -2.228899 -3.676415 1.928618
1769101110.044013 -2.232207 -3.670897 1.930548
1769101111.689048 -2.267938 -3.534148 1.938051
1769101111.754038 -2.273027 -3.525809 1.936883
1769101111.814030 -2.275095 -3.522416 1.935920
1769101111.874044 -2.278141 -3.517395 1.935292
1769101111.934024 -2.280056 -3.514236 1.933370
1769101111.994035 -2.282937 -3.509472 1.931278
1769101112.059049 -2.286843 -3.502990 1.930978
1769101113.704071 -2.332364 -3.340185 1.937625
1769101113.784064 -2.335321 -3.335350 1.938243
1769101113.844074 -2.337284 -3.332161 1.938298
1769101113.904053 -2.342131 -3.324269 1.936906
1769101113.969072 -2.343923 -3.321361 1.936366
1769101114.044074 -2.345804 -3.318300 1.935151
1769101115.739108 -2.350238 -3.311046 1.932953
1769101115.794105 -2.396847 -3.152011 1.936987
1769101115.864096 -2.400104 -3.146442 1.928728
1769101115.939084 -2.402615 -3.142073 1.925119
1769101116.004093 -2.404245 -3.139216 1.922114
1769101117.724132 -2.408327 -3.131928 1.914669
1769101117.789135 -2.453505 -2.969743 1.744262
1769101117.874141 -2.455729 -2.963166 1.732296
1769101117.949129 -2.457323 -2.958266 1.726483
1769101118.009126 -2.459464 -2.951557 1.717072
1769101119.714157 -2.460990 -2.946580 1.712217
1769101119.774154 -2.471808 -2.817441 1.548750
1769101119.839162 -2.472489 -2.812342 1.543855
1769101119.899166 -2.472916 -2.809062 1.539258
1769101119.959165 -2.473956 -2.800389 1.529255
1769101120.019157 -2.474337 -2.797000 1.523870
1769101121.599245 -2.474869 -2.792033 1.518404
1769101121.659187 -2.457928 -2.650469 1.358208
1769101121.724187 -2.457708 -2.647026 1.354621
1769101121.784187 -2.457358 -2.641979 1.351445
1769101121.844198 -2.457128 -2.638696 1.346048
1769101121.904176 -2.456884 -2.635406 1.341761
1769101121.964182 -2.456198 -2.627013 1.333880
1769101123.609216 -2.416960 -2.501432 1.175978
1769101123.684215 -2.415991 -2.497644 1.169952
1769101123.744209 -2.415043 -2.494046 1.164059
1769101123.799217 -2.413528 -2.488439 1.157857
1769101123.874212 -2.411511 -2.481204 1.146667
1769101123.934220 -2.409903 -2.475658 1.141310
1769101123.994221 -2.408847 -2.472051 1.136605
1769101124.059225 -2.406092 -2.462921 1.126735
1769101125.704227 -2.311378 -2.316424 0.973846
1769101125.774235 -2.309505 -2.312585 0.969059
1769101125.834251 -2.307573 -2.308677 0.964254
1769101125.889257 -2.304783 -2.303124 0.957849
1769101125.949224 -2.302779 -2.299213 0.952843
1769101126.009258 -2.297942 -2.289909 0.942036
1769101127.834280 -2.296021 -2.286317 0.938628
1769101127.899266 -2.167670 -2.154589 0.760386
1769101127.964295 -2.161042 -2.146245 0.753008
1769101128.024276 -2.158405 -2.142919 0.747771
1769101129.689320 -2.155731 -2.139599 0.743610
1769101129.749324 -2.022007 -2.040856 0.574681
1769101129.814306 -2.013917 -2.033729 0.566193
1769101129.874305 -2.010681 -2.030874 0.561351
1769101129.934297 -2.005814 -2.026668 0.558911
1769101129.994313 -2.002620 -2.023912 0.556620
1769101131.644403 -1.895020 -1.986888 0.438447
1769101131.709352 -1.894984 -1.986869 0.438453
1769101131.769344 -1.894985 -1.986868 0.438469
1769101131.829335 -1.894947 -1.986849 0.438459
1769101131.889349 -1.894949 -1.986848 0.438474
1769101131.949335 -1.894950 -1.986847 0.438489
1769101132.014342 -1.894953 -1.986845 0.438519
1769101133.659457 -1.894974 -1.986836 0.438940
1769101133.719355 -1.894974 -1.986836 0.438951
1769101133.779375 -1.894974 -1.986837 0.438961
1769101133.849366 -1.894974 -1.986837 0.438972
1769101133.914364 -1.894974 -1.986838 0.438994
1769101133.984377 -1.894974 -1.986838 0.439004
1769101134.044372 -1.894974 -1.986838 0.439015
1769101135.619395 -1.894974 -1.986839 0.439037
1769101135.679406 -1.883857 -1.979266 0.437638
1769101135.739381 -1.883351 -1.978920 0.437291
1769101135.804403 -1.882665 -1.978455 0.436761
1769101135.864392 -1.882165 -1.978116 0.437023
1769101135.934454 -1.881786 -1.977857 0.436778
1769101135.999400 -1.881471 -1.977642 0.436318
1769101137.659436 -1.862458 -1.964761 0.435532
1769101137.719424 -1.861358 -1.964017 0.436079
1769101137.779443 -1.860621 -1.963518 0.436095
1769101137.839429 -1.859992 -1.963093 0.436100
1769101137.899439 -1.858928 -1.962371 0.436728
1769101137.959439 -1.857294 -1.961262 0.437325
1769101138.014441 -1.856605 -1.960793 0.437752
1769101139.724474 -1.824029 -1.938449 0.443022
1769101139.789462 -1.823078 -1.937794 0.442993
1769101139.854516 -1.821622 -1.936794 0.441945
1769101139.919443 -1.818996 -1.934989 0.440879
1769101139.994434 -1.817973 -1.934287 0.440465
1769101140.064473 -1.815428 -1.932543 0.441261
1769101141.759490 -1.814391 -1.931834 0.440517
1769101141.829484 -1.744810 -1.932110 0.426113
1769101141.899486 -1.742829 -1.930752 0.427233
1769101141.954486 -1.737809 -1.927301 0.429459
1769101142.024486 -1.735724 -1.925860 0.429861
1769101143.734588 -1.732617 -1.923715 0.431217
1769101143.794524 -1.627140 -1.848605 0.505782
1769101143.849524 -1.623237 -1.845448 0.511083
1769101143.929531 -1.605171 -1.867402 0.519174
1769101144.004527 -1.598604 -1.861924 0.526356
1769101145.794576 -1.595978 -1.859710 0.529542
1769101145.854544 -1.483337 -1.806033 0.573708
1769101145.929608 -1.476989 -1.800171 0.575182
1769101145.989561 -1.474475 -1.797832 0.574796
1769101146.044536 -1.470730 -1.794364 0.576278
1769101147.694665 -1.468221 -1.792024 0.576735
1769101147.749593 -1.353774 -1.730613 0.565593
1769101147.829554 -1.347352 -1.724999 0.555496
1769101147.889603 -1.344781 -1.722765 0.550446
1769101147.949564 -1.342195 -1.720556 0.545196
1769101148.004567 -1.338246 -1.717212 0.536623
1769101149.664629 -1.332876 -1.712771 0.525020
1769101149.729579 -1.234752 -1.667917 0.375076
1769101149.799582 -1.234313 -1.667675 0.375052
1769101149.854593 -1.234152 -1.667596 0.375070
1769101149.919605 -1.234084 -1.667568 0.375058
1769101149.984596 -1.234060 -1.667565 0.375046
1769101150.044587 -1.234036 -1.667562 0.375035
1769101151.599626 -1.233875 -1.667718 0.375293
1769101151.654579 -1.233870 -1.667729 0.375295
1769101151.714649 -1.233868 -1.667735 0.375296
1769101151.769613 -1.233865 -1.667740 0.375296
1769101151.824610 -1.233863 -1.667746 0.375298
1769101151.879641 -1.233881 -1.667763 0.375312
1769101151.939644 -1.233837 -1.667804 0.375304
1769101153.504706 -1.233835 -1.667810 0.375305
1769101153.559660 -1.232066 -1.666908 0.375833
1769101153.619669 -1.231539 -1.666605 0.376269
1769101153.674657 -1.231140 -1.666377 0.376299
1769101153.739661 -1.230768 -1.666163 0.376086
1769101153.804667 -1.230243 -1.665859 0.376089
1769101153.869657 -1.229528 -1.665446 0.376949
1769101153.949712 -1.221223 -1.660596 0.378304
1769101155.654741 -1.186697 -1.640259 0.379714
1769101155.724701 -1.184451 -1.638936 0.379448
1769101155.779721 -1.182898 -1.638025 0.378370
1769101155.834696 -1.181374 -1.637130 0.378344
1769101155.894688 -1.179170 -1.635837 0.378128
1769101155.949697 -1.177725 -1.634993 0.377517
1769101156.004694 -1.174038 -1.632836 0.376742
1769101157.584711 -1.111343 -1.596077 0.379733
1769101157.654724 -1.106580 -1.593278 0.377835
1769101157.734693 -1.102941 -1.627506 0.362775
1769101157.809723 -1.096752 -1.623889 0.362041
1769101157.869720 -1.091625 -1.620891 0.361978
1769101157.929712 -1.087796 -1.618656 0.360853
1769101157.994727 -1.083556 -1.616186 0.360625
1769101159.624747 -0.841310 -1.536852 0.344555
1769101159.694757 -0.834047 -1.532615 0.343744
1769101159.764773 -0.815176 -1.521638 0.339723
1769101159.824760 -0.807521 -1.517230 0.339924
1769101159.884749 -0.796121 -1.510662 0.339193
1769101159.954758 -0.788988 -1.506574 0.339720
1769101160.024748 -0.770232 -1.495769 0.338262
1769101161.749829 -0.455367 -1.415794 0.384612
1769101161.814788 -0.437027 -1.403816 0.383713
1769101161.869798 -0.430036 -1.399371 0.386288
1769101161.929786 -0.419599 -1.392587 0.386892
1769101161.989778 -0.412479 -1.387932 0.386459
1769101162.044798 -0.402176 -1.381152 0.384484
1769101163.609824 -0.394810 -1.376441 0.387673
1769101163.679812 -0.100297 -1.279607 0.429581
1769101163.744815 -0.089761 -1.271937 0.426148
1769101163.809827 -0.075981 -1.262247 0.427550
1769101163.864821 -0.065371 -1.254718 0.426353
1769101163.919828 -0.058280 -1.249597 0.421316
1769101163.984812 0.024459 -1.225038 0.426592
1769101165.619887 0.031080 -1.220429 0.427201
1769101165.679845 0.251173 -1.126177 0.464434
1769101165.749851 0.258028 -1.121036 0.467494
1769101165.804839 0.275067 -1.107958 0.468857
1769101165.864847 0.281826 -1.102706 0.468565
1769101165.919855 0.288781 -1.097241 0.467541
1769101165.989840 0.381823 -1.058555 0.482321
1769101167.744874 0.592706 -0.971854 0.479418
1769101167.814876 0.609277 -0.958371 0.484826
1769101167.869889 0.615921 -0.952989 0.486362
1769101167.934899 0.622714 -0.947374 0.486667
1769101167.989907 0.632752 -0.939276 0.489625
1769101168.054882 0.649237 -0.925931 0.491832
1769101169.754912 0.655951 -0.920621 0.494398
1769101169.814910 0.952292 -0.775902 0.514157
1769101169.889908 0.961986 -0.767506 0.515245
1769101169.949910 0.968282 -0.761936 0.512312
1769101170.009931 0.984394 -0.748087 0.516252
1769101171.634956 0.990922 -0.742455 0.517534
1769101171.699960 1.262572 -0.601165 0.637217
1769101171.769938 1.272172 -0.590562 0.646598
1769101171.829936 1.279290 -0.582312 0.647929
1769101171.884957 1.284080 -0.576817 0.649034
1769101171.944967 1.288846 -0.571611 0.655484
1769101173.599980 1.479020 -0.444272 0.737292
1769101173.669977 1.487472 -0.433390 0.738291
1769101173.740001 1.493745 -0.425155 0.735307
1769101173.800047 1.502334 -0.414340 0.736157
1769101173.859992 1.508693 -0.406048 0.732381
1769101173.919985 1.513005 -0.400780 0.733512
1769101173.979983 1.517364 -0.395420 0.734258
1769101174.039985 1.523818 -0.387187 0.733864
1769101175.745025 1.700373 -0.181738 0.564069
1769101175.815081 1.710485 -0.172365 0.542348
1769101175.875015 1.718344 -0.165628 0.535578
1769101175.935038 1.723334 -0.161160 0.524639
1769101175.995017 1.728405 -0.156745 0.514307
1769101176.055021 1.741243 -0.145989 0.496120
1769101177.755059 1.746555 -0.141690 0.489205
1769101177.825090 2.029705 -0.090360 0.217123
1769101177.895047 2.035527 -0.087852 0.216371
1769101177.960057 2.051377 -0.081087 0.217052
1769101178.015056 2.057631 -0.078341 0.215444
1769101179.650096 2.063912 -0.075556 0.211179
1769101179.710075 2.298347 0.048610 0.434825
1769101179.785073 2.303794 0.052523 0.440746
1769101179.845084 2.309291 0.056626 0.443611
1769101179.910081 2.322947 0.066806 0.452771
1769101179.980139 2.328219 0.070789 0.456277
1769101180.045061 2.336116 0.076754 0.459958
1769101181.700116 2.545046 0.246953 0.482021
1769101181.780195 2.552856 0.253198 0.483741
1769101181.840111 2.558090 0.257520 0.483349
1769101181.905105 2.570464 0.267589 0.485068
1769101181.970133 2.575049 0.271425 0.482532
1769101182.045118 2.582498 0.277435 0.480188
1769101183.730221 2.592260 0.285296 0.480502
1769101183.790152 2.778210 0.356119 0.451412
1769101183.865185 2.787591 0.363394 0.450317
1769101183.930114 2.791342 0.366322 0.449369
1769101183.990157 2.796953 0.370610 0.448215
1769101184.055143 2.804172 0.376171 0.450384
1769101185.680165 2.809349 0.380110 0.451684
1769101185.745169 2.936147 0.426751 0.441332
1769101185.835165 2.943785 0.432681 0.441375
1769101185.900181 2.951366 0.438600 0.438327
1769101185.975171 2.954413 0.440991 0.437269
1769101186.040177 2.957485 0.443390 0.436011
1769101187.730258 2.965239 0.449334 0.434904
1769101187.790198 3.086944 0.495533 0.438522
1769101187.885201 3.092346 0.499721 0.440267
1769101187.960211 3.098980 0.504836 0.440671
1769101188.020221 3.101008 0.506436 0.441611
1769101189.730230 3.102590 0.507700 0.441844
1769101189.790227 3.102534 0.509456 0.446179
1769101189.860220 3.102501 0.509499 0.446378
1769101189.925235 3.102486 0.509520 0.446476
1769101189.990232 3.102452 0.509522 0.446588
1769101190.060235 3.102441 0.509578 0.446768
1769101191.740270 3.102409 0.509579 0.446878
1769101191.800266 3.102134 0.509985 0.449792
1769101191.860265 3.102113 0.509971 0.449883
1769101191.920249 3.102126 0.509996 0.449944
1769101191.990262 3.102105 0.509982 0.450035
1769101192.045267 3.102118 0.510007 0.450095
1769101193.690290 3.102111 0.510016 0.450244
1769101193.755292 3.102073 0.510068 0.452420
1769101193.810339 3.102073 0.510068 0.452478
1769101193.870301 3.102074 0.510067 0.452536
1769101193.930277 3.102074 0.510066 0.452593
1769101193.990311 3.102059 0.510044 0.452665
