timestamp x y theta
1769099705.700009 -0.000025 -0.000000 -0.000033
1769099705.769922 -0.000025 -0.000000 -0.000033
1769099705.824950 0.000000 0.000000 0.000003
1769099705.869908 -0.000025 -0.000000 -0.000033
1769099707.609941 -0.000025 -0.000000 -0.000023
1769099707.659948 -0.000025 -0.000000 -0.000020
1769099707.709967 -0.000025 -0.000000 -0.000020
1769099707.759982 -0.000025 -0.000000 -0.000020
1769099707.809969 -0.000000 0.000000 0.000041
1769099707.854945 -0.000025 -0.000000 -0.000020
1769099709.554972 -0.000025 -0.000000 -0.000022
1769099709.604990 -0.000025 -0.000000 -0.000023
1769099709.654989 -0.000025 -0.000000 -0.000023
1769099709.704976 -0.000025 -0.000000 -0.000023
1769099709.754981 -0.000025 -0.000000 -0.000023
1769099709.805003 -0.000025 -0.000000 -0.000023
1769099709.849997 -0.000025 -0.000000 -0.000024
1769099711.590059 -0.000025 -0.000000 -0.000021
1769099711.640001 -0.000025 -0.000000 -0.000022
1769099711.685035 -0.000000 0.000000 0.000041
1769099711.735005 -0.000000 -0.000000 0.000594
1769099711.785020 0.000101 0.000000 0.000719
1769099711.835011 0.000304 0.000000 0.000482
1769099711.885026 0.000607 0.000001 -0.000678
1769099713.585081 0.008530 -0.000013 -0.001653
1769099713.635050 0.038017 -0.000042 -0.003060
1769099713.690053 0.040117 -0.000047 -0.003558
1769099713.745072 0.042395 -0.000053 -0.004550
1769099713.795045 0.046521 -0.000076 -0.004254
1769099713.845070 0.049786 -0.000090 -0.003991
1769099713.895047 0.053304 -0.000087 -0.006161
1769099715.530126 0.116654 -0.000612 -0.009983
1769099715.580085 0.300688 -0.003287 -0.032038
1769099715.625085 0.308832 -0.003654 -0.029931
1769099715.675090 0.316953 -0.003906 -0.028762
1769099715.725105 0.329225 -0.004196 -0.029077
1769099715.775078 0.337497 -0.004497 -0.026180
1769099715.840055 0.438016 -0.007515 -0.015537
1769099717.565109 0.467349 -0.007878 -0.017246
1769099717.610128 0.628506 -0.024280 -0.013551
1769099717.660110 0.696676 -0.023449 -0.012957
1769099717.710133 0.705224 -0.023674 -0.011852
1769099717.755113 0.705219 -0.024065 -0.010760
1769099717.800170 0.718021 -0.024003 -0.011220
1769099717.850092 0.764594 -0.024507 -0.015214
1769099719.560140 0.837033 -0.039005 -0.013699
1769099719.615150 1.079784 -0.043388 -0.022358
1769099719.675145 1.091780 -0.043395 -0.025388
1769099719.720139 1.100084 -0.043799 -0.024567
1769099719.770123 1.108488 -0.044073 -0.024903
1769099719.815152 1.120916 -0.044183 -0.027887
1769099719.865185 1.128712 -0.044241 -0.030734
1769099721.535178 1.232324 -0.065168 -0.044214
1769099721.590149 1.432090 -0.071540 -0.056045
1769099721.640197 1.439783 -0.072082 -0.055123
1769099721.685198 1.451095 -0.072622 -0.054152
1769099721.735165 1.458762 -0.072850 -0.055355
1769099721.780188 1.466354 -0.073190 -0.056422
1769099721.860187 1.566139 -0.078036 -0.081220
1769099723.565300 1.586028 -0.092627 -0.084885
1769099723.615305 1.804172 -0.101950 -0.093798
1769099723.670219 1.812173 -0.102524 -0.097321
1769099723.715237 1.819767 -0.103147 -0.099950
1769099723.765248 1.831536 -0.104635 -0.097899
1769099723.815243 1.838953 -0.105234 -0.100084
1769099723.870192 1.926882 -0.112967 -0.110063
1769099725.555329 1.946490 -0.114757 -0.112821
1769099725.605265 2.150275 -0.146496 -0.113089
1769099725.655354 2.157657 -0.147319 -0.105278
1769099725.705323 2.169102 -0.147989 -0.100742
1769099725.750352 2.176796 -0.148697 -0.093252
1769099725.795266 2.183996 -0.149167 -0.088990
1769099725.880313 2.276285 -0.153733 -0.043942
1769099727.515257 2.291416 -0.153999 -0.034157
1769099727.560395 2.472208 -0.175548 0.051176
1769099727.620356 2.483110 -0.174388 0.053828
1769099727.670380 2.490708 -0.173724 0.057480
1769099727.720293 2.498302 -0.173061 0.062479
1769099727.770299 2.510045 -0.171704 0.064615
1769099727.885269 2.607775 -0.159176 0.108842
1769099729.525325 2.623065 -0.156636 0.111570
1769099729.580318 2.813301 -0.145248 0.240197
1769099729.640387 2.820905 -0.142981 0.241381
1769099729.690321 2.828219 -0.140872 0.242932
1769099729.735324 2.839562 -0.137801 0.247455
1769099729.785345 2.846629 -0.135881 0.252587
1769099729.890327 2.942377 -0.104948 0.304561
1769099731.620357 2.952160 -0.105055 0.303108
1769099731.680362 3.167026 -0.053590 0.425894
1769099731.745351 3.177109 -0.048893 0.430114
1769099731.800339 3.183844 -0.045530 0.430080
1769099731.850349 3.193755 -0.040524 0.427631
1769099731.900361 3.207654 -0.033906 0.432555
1769099731.950354 3.218040 -0.028699 0.430198
1769099733.525364 3.472445 0.081640 0.326676
1769099733.590390 3.479348 0.084207 0.316367
1769099733.645382 3.489807 0.087813 0.304716
1769099733.695374 3.497196 0.090217 0.296308
1769099733.745397 3.504588 0.092518 0.287451
1769099733.800376 3.523430 0.098172 0.268350
1769099733.900383 3.633630 0.126262 0.151221
1769099735.545400 3.641108 0.127671 0.141163
1769099735.595409 3.864751 0.146674 -0.062096
1769099735.665424 3.879965 0.145996 -0.081072
1769099735.720419 3.891340 0.145244 -0.090729
1769099735.770425 3.899028 0.144793 -0.102917
1769099735.820427 3.906880 0.144183 -0.113769
1769099735.910409 4.020980 0.118148 -0.214937
1769099737.560423 4.028616 0.116696 -0.227292
1769099737.610451 4.230851 0.063117 -0.439051
1769099737.675479 4.241290 0.058294 -0.447150
1769099737.725459 4.247853 0.055211 -0.453405
1769099737.775451 4.254896 0.051891 -0.462036
1769099737.825443 4.264871 0.047116 -0.473340
1769099737.920494 4.351728 -0.018715 -0.585783
1769099739.590494 4.357910 -0.022633 -0.595029
1769099739.645473 4.520761 -0.127519 -0.711500
1769099739.710486 4.532888 -0.137328 -0.714454
1769099739.765486 4.541493 -0.144485 -0.711778
1769099739.815547 4.547428 -0.149305 -0.712817
1769099739.870485 4.553218 -0.153842 -0.717069
1769099739.925497 4.625042 -0.212056 -0.696336
1769099741.530488 4.631024 -0.216804 -0.687251
1769099741.590510 4.784535 -0.378917 -0.592244
1769099741.660518 4.800654 -0.388475 -0.573922
1769099741.710516 4.807259 -0.392329 -0.562231
1769099741.755495 4.807161 -0.392510 -0.551061
1769099741.805520 4.823410 -0.401576 -0.545434
1769099741.930511 4.916773 -0.475691 -0.415110
1769099743.585533 4.923936 -0.478315 -0.403831
1769099743.640561 5.133945 -0.520335 -0.083300
1769099743.705546 5.149216 -0.520652 -0.060417
1769099743.755542 5.160622 -0.520620 -0.054086
1769099743.805547 5.168238 -0.520552 -0.047009
1769099743.855570 5.176007 -0.520490 -0.038081
1769099743.935554 5.248941 -0.563369 0.035452
1769099745.560579 5.447482 -0.562336 0.048953
1769099745.625588 5.458997 -0.561356 0.044738
1769099745.680591 5.466776 -0.560599 0.040163
1769099745.730650 5.474733 -0.559969 0.042376
1769099745.785582 5.486542 -0.559083 0.042364
1769099745.835589 5.494420 -0.558333 0.039368
1769099745.945682 5.593287 -0.549817 0.040482
1769099747.600616 5.816046 -0.551511 0.057029
1769099747.665631 5.823758 -0.550790 0.057971
1769099747.715632 5.831364 -0.550116 0.060165
1769099747.765632 5.842688 -0.549121 0.058425
1769099747.820640 5.850250 -0.548373 0.058612
1769099747.875629 5.857980 -0.547692 0.063122
1769099747.950621 5.958614 -0.537986 0.059797
1769099749.590653 5.958647 -0.537583 0.057530
1769099749.645679 6.166752 -0.540010 0.075615
1769099749.715717 6.185740 -0.537910 0.074486
1769099749.765756 6.193494 -0.536957 0.072417
1769099749.820674 6.205241 -0.535800 0.072420
1769099749.870666 6.213022 -0.534875 0.068290
1769099749.960643 6.309101 -0.523803 0.074797
1769099751.615677 6.343523 -0.523059 0.107214
1769099751.685688 6.540016 -0.526161 0.113839
1769099751.750705 6.547215 -0.524995 0.111788
1769099751.805696 6.566290 -0.522326 0.117450
1769099751.860685 6.573804 -0.521050 0.116153
1769099751.915696 6.585238 -0.519462 0.120498
1769099751.965721 6.592874 -0.518156 0.116859
1769099753.575805 6.873806 -0.499767 0.135002
1769099753.645795 6.881387 -0.498420 0.134069
1769099753.695734 6.888941 -0.497042 0.133082
1769099753.755730 6.908140 -0.493862 0.134946
1769099753.810743 6.915772 -0.492471 0.130408
1769099753.870818 6.927367 -0.490736 0.134133
1769099753.970762 7.023491 -0.476852 0.145469
1769099755.580773 7.031208 -0.475387 0.141865
1769099755.635758 7.233215 -0.457016 0.151324
1769099755.705775 7.252408 -0.453796 0.154051
1769099755.755765 7.259607 -0.452490 0.156088
1769099755.810775 7.267325 -0.451146 0.161904
1769099755.860782 7.278461 -0.449210 0.165951
1769099755.975811 7.373204 -0.431663 0.172070
1769099757.610766 7.386494 -0.418535 0.170880
1769099757.675831 7.599569 -0.419989 0.176053
1769099757.740805 7.607000 -0.418258 0.172597
1769099757.795802 7.618370 -0.415934 0.174143
1769099757.845790 7.625998 -0.414235 0.172141
1769099757.900762 7.633683 -0.412537 0.168948
1769099757.985792 7.731646 -0.391643 0.186280
1769099759.630847 7.739282 -0.389993 0.188878
1769099759.680859 7.956478 -0.356904 0.204107
1769099759.740851 7.968079 -0.354418 0.208317
1769099759.800816 7.975840 -0.352695 0.219184
1769099759.855899 7.994345 -0.348477 0.218592
1769099759.905838 8.001785 -0.346791 0.222985
1769099759.990828 8.080767 -0.328113 0.225247
1769099761.560855 8.099405 -0.323760 0.226591
1769099761.610860 8.292062 -0.299602 0.232996
1769099761.675869 8.299420 -0.297713 0.233776
1769099761.725932 8.310402 -0.294975 0.234472
1769099761.775880 8.317767 -0.293008 0.228334
1769099761.830859 8.325325 -0.291062 0.224996
1769099761.880869 8.336776 -0.288310 0.225339
1769099762.000892 8.430306 -0.266789 0.175810
1769099763.640883 8.624060 -0.219891 0.069569
1769099763.705899 8.651406 -0.217812 0.062116
1769099763.755913 8.651322 -0.217525 0.058179
1769099763.805909 8.670588 -0.216343 0.059714
1769099763.855914 8.678087 -0.215691 0.057931
1769099763.905906 8.685583 -0.215043 0.055953
1769099765.565910 8.773881 -0.212397 0.070856
1769099765.630919 8.978472 -0.220061 0.080251
1769099765.705912 8.996839 -0.218044 0.078491
1769099765.760923 9.004530 -0.217187 0.078906
1769099765.815925 9.012015 -0.216342 0.078861
1769099765.870951 9.023694 -0.215162 0.079685
1769099765.925999 9.031576 -0.214276 0.079104
1769099767.515949 9.119416 -0.204790 0.064486
1769099767.571023 9.317497 -0.206219 0.038511
1769099767.635974 9.325309 -0.205760 0.042572
1769099767.690984 9.336993 -0.205142 0.045896
1769099767.750978 9.344321 -0.204476 0.048314
1769099767.805979 9.363742 -0.203403 0.052169
1769099767.860973 9.371134 -0.202797 0.049803
1769099769.555975 9.476729 -0.198052 0.023291
1769099769.621006 9.686483 -0.207859 0.015682
1769099769.685992 9.693910 -0.207620 0.018078
1769099769.735994 9.701421 -0.207333 0.014756
1769099769.786015 9.712932 -0.207017 0.011216
1769099769.841021 9.720487 -0.206801 0.012258
1769099769.900981 9.728390 -0.206578 0.010488
1769099771.546034 9.826811 -0.204086 0.002341
1769099771.596035 10.031337 -0.217295 -0.013919
1769099771.656057 10.050403 -0.217441 -0.014994
1769099771.706031 10.050386 -0.217283 -0.018130
1769099771.756026 10.070011 -0.217621 -0.016533
1769099771.806023 10.077566 -0.217664 -0.015903
1769099771.881029 10.146483 -0.217879 -0.046653
1769099773.601056 10.185564 -0.234867 -0.077755
1769099773.666046 10.372379 -0.250607 -0.133236
1769099773.731082 10.372386 -0.250789 -0.131179
1769099773.781057 10.372392 -0.250987 -0.129141
1769099773.831077 10.433545 -0.258022 -0.135842
1769099773.881080 10.444840 -0.259684 -0.141133
1769099773.931079 10.452489 -0.260949 -0.147104
1769099775.591189 10.524488 -0.274494 -0.200599
1769099775.661117 10.745089 -0.326381 -0.285023
1769099775.726118 10.752498 -0.328416 -0.286190
1769099775.776110 10.763590 -0.331538 -0.282501
1769099775.826117 10.770963 -0.333540 -0.283932
1769099775.876100 10.770975 -0.333455 -0.285396
1769099775.921119 10.789286 -0.338597 -0.284182
1769099777.501132 10.874084 -0.362492 -0.287682
1769099777.556141 11.053826 -0.439081 -0.308612
1769099777.621143 11.064867 -0.442313 -0.311023
1769099777.676136 11.072233 -0.444488 -0.312518
1769099777.726117 11.072245 -0.444478 -0.314010
1769099777.776111 11.090605 -0.449998 -0.315996
1769099777.851131 11.183125 -0.478428 -0.297476
1769099779.521177 11.208455 -0.526717 -0.259826
1769099779.581175 11.407027 -0.573683 -0.151818
1769099779.646160 11.418660 -0.575714 -0.149050
1769099779.691255 11.426418 -0.577145 -0.142058
1769099779.741180 11.434064 -0.578495 -0.137673
1769099779.791170 11.445504 -0.580355 -0.135055
1769099779.856147 11.532994 -0.593424 -0.114937
1769099781.611197 11.546033 -0.630687 -0.122966
1769099781.676221 11.764476 -0.640606 -0.119120
1769099781.741217 11.772192 -0.641667 -0.118850
1769099781.796193 11.783556 -0.643121 -0.119486
1769099781.851195 11.799029 -0.645247 -0.120283
1769099781.901203 11.810428 -0.646726 -0.123495
1769099781.951267 11.817979 -0.647790 -0.124305
1769099783.556231 12.094235 -0.696457 -0.121696
1769099783.621343 12.101997 -0.697542 -0.120172
1769099783.676240 12.109698 -0.698616 -0.120994
1769099783.726269 12.121101 -0.700166 -0.123088
1769099783.776305 12.128743 -0.701266 -0.122065
1769099783.831243 12.136594 -0.702402 -0.121570
1769099783.881255 12.148131 -0.704003 -0.119887
1769099785.521322 12.236102 -0.716158 -0.120581
1769099785.576262 12.448497 -0.754002 -0.120084
1769099785.636350 12.459990 -0.755620 -0.118352
1769099785.691326 12.467183 -0.756645 -0.117624
1769099785.746271 12.474797 -0.757723 -0.115618
1769099785.806270 12.493621 -0.760276 -0.114058
1769099785.876274 12.584509 -0.773140 -0.126255
1769099787.616291 12.591998 -0.774382 -0.134132
1769099787.671236 12.810076 -0.820642 -0.254632
1769099787.736341 12.817553 -0.823144 -0.270546
1769099787.786282 12.817534 -0.823246 -0.286592
1769099787.836283 12.835813 -0.829669 -0.295043
1769099787.886278 12.843049 -0.832413 -0.305047
1769099787.936345 12.850149 -0.835195 -0.310861
1769099789.506319 12.931666 -0.871637 -0.412833
1769099789.581326 13.124286 -0.969211 -0.643279
1769099789.646321 13.139111 -0.981402 -0.649692
1769099789.696324 13.144959 -0.986324 -0.661139
1769099789.756313 13.159682 -0.999166 -0.685093
1769099789.806311 13.165430 -1.004435 -0.690611
1769099789.891408 13.234935 -1.098908 -0.814660
1769099791.516358 13.253586 -1.119311 -0.835173
1769099791.571336 13.372057 -1.290242 -1.067200
1769099791.646359 13.375659 -1.297111 -1.074109
1769099791.706359 13.384247 -1.313679 -1.095046
1769099791.761365 13.384385 -1.313769 -1.106377
1769099791.811361 13.392558 -1.330520 -1.116693
1769099791.896372 13.423598 -1.388630 -1.205504
1769099793.566388 13.432832 -1.414151 -1.227765
1769099793.621396 13.497899 -1.608089 -1.408487
1769099793.696384 13.497958 -1.608187 -1.414382
1769099793.756395 13.502540 -1.635138 -1.413477
1769099793.816374 13.502485 -1.635222 -1.415066
1769099793.871440 13.505622 -1.653952 -1.417373
1769099793.926406 13.506908 -1.661707 -1.421598
1769099795.561474 13.517927 -1.742275 -1.480871
1769099795.616432 13.525621 -1.964063 -1.585687
1769099795.681433 13.525589 -1.971841 -1.587206
1769099795.736439 13.525620 -1.979745 -1.592480
1769099795.791502 13.525596 -1.987586 -1.598844
1769099795.911415 13.522148 -2.095341 -1.654952
1769099797.601434 13.521226 -2.107159 -1.656606
1769099797.656444 13.481205 -2.317907 -1.747265
1769099797.726473 13.478568 -2.336563 -1.749333
1769099797.781475 13.477426 -2.343977 -1.746669
1769099797.841473 13.476229 -2.351576 -1.744233
1769099797.896480 13.474690 -2.362602 -1.746121
1769099797.961461 13.472278 -2.378145 -1.740138
1769099799.566482 13.410274 -2.646997 -1.740657
1769099799.636502 13.409200 -2.654809 -1.739700
1769099799.691502 13.409016 -2.654794 -1.738762
1769099799.746530 13.406626 -2.674241 -1.738951
1769099799.796570 13.405512 -2.682054 -1.737175
1769099799.861495 13.403001 -2.701220 -1.738167
1769099799.926503 13.391739 -2.789431 -1.741203
1769099801.546533 13.358944 -2.796297 -1.737216
1769099801.606540 13.341969 -3.011083 -1.741102
1769099801.671587 13.340467 -3.022464 -1.740208
1769099801.721541 13.339394 -3.030065 -1.736330
1769099801.776522 13.339189 -3.029963 -1.732551
1769099801.826536 13.336877 -3.048761 -1.728429
1769099801.936549 13.325035 -3.143349 -1.710224
1769099803.641558 13.323923 -3.154700 -1.709942
1769099803.691568 13.273287 -3.372128 -1.635642
1769099803.761556 13.273514 -3.391393 -1.631658
1769099803.811571 13.273593 -3.399085 -1.627890
1769099803.861561 13.273465 -3.398991 -1.624315
1769099803.916561 13.273946 -3.418720 -1.616180
1769099803.966572 13.274099 -3.426531 -1.606483
1769099805.671711 13.357147 -3.682980 -0.849007
1769099805.746596 13.361636 -3.687449 -0.820223
1769099805.806669 13.388035 -3.704108 -0.757815
1769099805.871605 13.387798 -3.704129 -0.729143
1769099805.921618 13.392887 -3.708008 -0.698254
1769099805.976592 13.405760 -3.717306 -0.670222
1769099806.046680 13.411096 -3.720937 -0.641550
1769099807.676648 13.571652 -3.765396 -0.207837
1769099807.751635 13.589149 -3.768346 -0.229177
1769099807.801620 13.596374 -3.769702 -0.278045
1769099807.861642 13.602966 -3.772149 -0.284476
1769099807.931636 13.609662 -3.773942 -0.304448
1769099807.986650 13.616533 -3.775937 -0.329201
1769099808.041661 13.616629 -3.775820 -0.353594
1769099809.626664 13.751560 -3.917203 -1.778295
1769099809.716656 13.751096 -3.921408 -1.893409
1769099809.786691 13.747937 -3.931820 -1.956879
1769099809.846682 13.789332 -3.956391 -2.002409
1769099809.916667 13.822612 -3.964091 -2.111039
1769099809.986683 13.820586 -3.967671 -2.175113
1769099810.036675 13.818295 -3.971098 -2.239043
1769099811.701715 13.703556 -4.017176 2.999771
1769099811.776719 13.703544 -4.017159 2.999641
1769099811.831695 13.703533 -4.017143 2.999519
1769099811.886694 13.703522 -4.017127 2.999404
1769099811.941693 13.703512 -4.017111 2.999297
1769099811.996727 13.703501 -4.017097 2.999195
1769099812.046730 13.703492 -4.017082 2.999100
1769099813.706759 13.702258 -4.016588 3.040275
1769099813.761729 13.702296 -4.016573 3.045212
1769099813.811800 13.702308 -4.016555 3.050116
1769099813.866729 13.702320 -4.016572 3.054484
1769099813.916757 13.702269 -4.016501 3.058668
1769099813.971756 13.702288 -4.016560 3.063162
1769099814.031727 13.702293 -4.016533 3.067986
1769099815.691776 13.707870 -3.999695 -3.084138
1769099815.776760 13.707863 -3.999608 -3.075337
1769099815.831795 13.708002 -3.999648 -3.071115
1769099815.886785 13.707959 -3.999588 -3.067219
1769099815.936765 13.707945 -3.999645 -3.061344
1769099815.986783 13.707859 -3.999641 -3.056064
1769099816.041775 13.707810 -3.999650 -3.051629
1769099817.631850 13.707302 -3.995391 -2.896381
1769099817.696825 13.707216 -3.995434 -2.891313
1769099817.751806 13.707172 -3.995373 -2.886549
1769099817.801813 13.707227 -3.995408 -2.877592
1769099817.856808 13.707190 -3.995356 -2.873702
1769099817.911819 13.707228 -3.995409 -2.868428
1769099817.986831 13.706999 -3.995381 -2.822464
1769099819.676843 13.707006 -3.995432 -2.817966
1769099819.726833 13.706089 -3.994688 -2.685240
1769099819.796864 13.706021 -3.994722 -2.681282
1769099819.851838 13.705951 -3.994754 -2.672691
1769099819.901849 13.705915 -3.994747 -2.666857
1769099819.951852 13.705874 -3.994689 -2.661254
1769099820.006860 13.705959 -3.994722 -2.655596
1769099821.691857 13.701221 -3.988504 -2.511190
1769099821.771884 13.701240 -3.988487 -2.502725
1769099821.826895 13.701246 -3.988494 -2.499025
1769099821.881897 13.701238 -3.988484 -2.494868
1769099821.936898 13.701227 -3.988469 -2.489510
1769099821.986954 13.701231 -3.988474 -2.484288
1769099822.041942 13.701228 -3.988470 -2.479821
1769099823.781906 13.697295 -3.986698 -2.314581
1769099823.851910 13.697302 -3.986624 -2.306627
1769099823.906955 13.697346 -3.986602 -2.300692
1769099823.961931 13.697319 -3.986564 -2.295301
1769099824.016928 13.697371 -3.986553 -2.285526
1769099825.671964 13.697320 -3.986606 -2.276736
1769099825.721951 13.687251 -3.980467 -1.953731
1769099825.786949 13.687244 -3.980458 -1.944046
1769099825.841954 13.687207 -3.980407 -1.934873
1769099825.891968 13.687248 -3.980428 -1.923966
1769099825.941963 13.687246 -3.980426 -1.914567
1769099827.551973 13.713166 -3.984228 -1.823514
1769099827.626980 13.670636 -3.977148 -1.608562
1769099827.691990 13.670637 -3.977175 -1.600545
1769099827.746981 13.670614 -3.977143 -1.593010
1769099827.811970 13.670649 -3.977214 -1.580189
1769099827.871995 13.670635 -3.977194 -1.575280
1769099827.926989 13.670654 -3.977221 -1.571052
1769099829.506983 13.670765 -3.978210 -1.525546
1769099829.562002 13.663210 -3.995122 -1.397994
1769099829.627028 13.663191 -3.995105 -1.392570
1769099829.682022 13.664712 -4.001034 -1.387947
1769099829.737020 13.664696 -4.001021 -1.383836
1769099829.787027 13.666774 -4.008846 -1.379941
1769099829.842016 13.667684 -4.012205 -1.380510
1769099831.647053 13.681840 -4.066449 -1.389291
1769099831.697062 13.714164 -4.242481 -1.366116
1769099831.777045 13.715776 -4.248696 -1.375382
1769099831.832036 13.719476 -4.264610 -1.382937
1769099831.892030 13.719596 -4.264603 -1.389848
1769099831.952032 13.724275 -4.286679 -1.403624
1769099833.612062 13.757491 -4.522486 -1.482685
1769099833.682068 13.757578 -4.522478 -1.485873
1769099833.737069 13.758332 -4.528837 -1.485804
1769099833.792083 13.760132 -4.544805 -1.485669
1769099833.847099 13.760116 -4.544807 -1.485379
1769099833.902069 13.762650 -4.567366 -1.482826
1769099833.957086 13.762571 -4.567375 -1.481082
1769099835.637112 13.774939 -4.810567 -1.508874
1769099835.712085 13.776688 -4.826574 -1.513552
1769099835.762131 13.777308 -4.832720 -1.514941
1769099835.817161 13.777319 -4.832720 -1.516290
1769099835.872184 13.777894 -4.839175 -1.516082
1769099835.927085 13.779269 -4.855366 -1.514968
1769099835.982125 13.779143 -4.855380 -1.513633
1769099837.582141 13.782493 -5.092957 -1.539370
1769099837.647165 13.783668 -5.108737 -1.541949
1769099837.707150 13.784718 -5.124124 -1.545266
1769099837.762223 13.785128 -5.130569 -1.545238
1769099837.817129 13.785035 -5.130579 -1.545311
1769099837.872220 13.786193 -5.146715 -1.548920
1769099837.927162 13.786483 -5.153245 -1.549057
1769099839.562181 13.789002 -5.219604 -1.546674
1769099839.617183 13.776798 -5.401272 -1.584441
1769099839.682182 13.777092 -5.417302 -1.590455
1769099839.737167 13.777117 -5.423261 -1.596100
1769099839.792182 13.777137 -5.423265 -1.601536
1769099839.842174 13.776957 -5.439233 -1.604321
1769099839.897202 13.776858 -5.439245 -1.606652
1769099841.572227 13.773759 -5.521383 -1.671108
1769099841.622238 13.746194 -5.689690 -1.788684
1769099841.692277 13.744844 -5.696009 -1.791456
1769099841.762176 13.741602 -5.711521 -1.799240
1769099841.812242 13.738149 -5.727102 -1.802235
1769099841.872211 13.736736 -5.733456 -1.806795
1769099841.932250 13.736734 -5.733464 -1.811173
1769099843.577255 13.718275 -5.804916 -1.859801
1769099843.627273 13.650675 -5.970315 -1.979275
1769099843.697222 13.650607 -5.970320 -1.982546
1769099843.757344 13.642113 -5.990692 -1.995276
1769099843.812247 13.642069 -5.990700 -1.999403
1769099843.867355 13.639531 -5.996663 -2.008181
1769099843.922322 13.633044 -6.011023 -2.015976
1769099845.677335 13.603642 -6.072369 -2.066682
1769099845.772284 13.503756 -6.246452 -2.121943
1769099845.852257 13.500849 -6.252076 -2.125208
1769099845.907264 13.493046 -6.266293 -2.125655
1769099845.957256 13.493140 -6.266315 -2.126206
1769099846.012339 13.489977 -6.271905 -2.122200
1769099847.607296 13.389011 -6.489128 -1.986204
1769099847.677354 13.386583 -6.495231 -1.980054
1769099847.732347 13.383211 -6.504380 -1.978861
1769099847.787366 13.380869 -6.510272 -1.971077
1769099847.842334 13.378658 -6.516254 -1.966611
1769099847.892342 13.375463 -6.524945 -1.959579
1769099847.957299 13.368346 -6.545932 -1.948951
1769099849.602399 13.338689 -6.781573 -1.805146
1769099849.677359 13.335722 -6.797615 -1.799816
1769099849.732349 13.334471 -6.803954 -1.793927
1769099849.792372 13.331618 -6.819786 -1.788179
1769099849.852379 13.330391 -6.825810 -1.776496
1769099849.917351 13.328754 -6.835382 -1.769916
1769099849.967354 13.327659 -6.841695 -1.762686
1769099851.542370 13.303085 -7.070065 -1.695670
1769099851.612372 13.301660 -7.085714 -1.702866
1769099851.667362 13.301081 -7.092315 -1.709660
1769099851.722371 13.300031 -7.101983 -1.714350
1769099851.777371 13.299339 -7.108352 -1.721762
1769099851.827391 13.297315 -7.124373 -1.728675
1769099853.552389 13.285926 -7.203040 -1.742930
1769099853.607445 13.232632 -7.373464 -1.702082
1769099853.682418 13.231758 -7.382826 -1.693715
1769099853.742413 13.231231 -7.389179 -1.689450
1769099853.797426 13.230749 -7.395483 -1.684996
1769099853.852508 13.229889 -7.411820 -1.684421
1769099853.912391 13.226469 -7.485532 -1.642440
1769099855.522430 13.226297 -7.495063 -1.637489
1769099855.577451 13.214974 -7.656275 -1.598397
1769099855.647445 13.214965 -7.662609 -1.597003
1769099855.697457 13.215087 -7.672125 -1.597675
1769099855.752457 13.215224 -7.684702 -1.597789
1769099855.807447 13.215337 -7.694267 -1.597324
1769099855.917442 13.215745 -7.774290 -1.590333
1769099857.757490 13.215935 -7.783780 -1.591253
1769099857.827477 13.187471 -7.997433 -1.591549
1769099857.897494 13.187504 -8.003756 -1.588872
1769099857.952486 13.187758 -8.019696 -1.589039
1769099858.007500 13.187807 -8.026170 -1.586067
1769099859.682497 13.188050 -8.035763 -1.588868
1769099859.737521 13.177383 -8.265372 -1.583611
1769099859.812510 13.177568 -8.265391 -1.581202
1769099859.867511 13.177696 -8.287065 -1.577134
1769099859.922512 13.177860 -8.293326 -1.578056
1769099859.977535 13.178004 -8.293336 -1.579011
1769099860.032514 13.178197 -8.315491 -1.579965
1769099861.632612 13.171819 -8.549462 -1.427917
1769099861.712553 13.173633 -8.562104 -1.422054
1769099861.767553 13.175200 -8.571765 -1.416465
1769099861.822552 13.177565 -8.584659 -1.411393
1769099861.877562 13.177234 -8.584669 -1.406690
1769099861.932574 13.180395 -8.600498 -1.401916
1769099861.987562 13.181395 -8.606599 -1.392772
1769099863.627631 13.222758 -8.838155 -1.244250
1769099863.707628 13.224465 -8.844163 -1.238413
1769099863.777617 13.227673 -8.853145 -1.233929
1769099863.837600 13.229759 -8.859172 -1.228859
1769099863.892581 13.231881 -8.865212 -1.223972
1769099863.952598 13.237555 -8.880497 -1.214899
1769099864.007599 13.239816 -8.886514 -1.214835
1769099865.767640 13.339502 -9.120772 -1.080715
1769099865.832649 13.344091 -9.128957 -1.078712
1769099865.887648 13.347205 -9.134593 -1.078787
1769099865.942630 13.350287 -9.140075 -1.082479
1769099865.997612 13.355037 -9.148633 -1.078766
1769099866.047615 13.358219 -9.154224 -1.082041
1769099867.797652 13.480475 -9.376816 -1.028691
1769099867.862664 13.486828 -9.387506 -1.032757
1769099867.917665 13.491672 -9.395540 -1.038670
1769099867.967663 13.494737 -9.400762 -1.044961
1769099868.022663 13.499432 -9.408782 -1.051554
1769099869.607680 13.502629 -9.414299 -1.059823
1769099869.672679 13.614885 -9.633005 -1.190726
1769099869.737715 13.617128 -9.638931 -1.195907
1769099869.792696 13.620460 -9.647781 -1.203112
1769099869.842716 13.622544 -9.653662 -1.202030
1769099869.897710 13.624705 -9.659542 -1.207936
1769099869.962699 13.651164 -9.739298 -1.263624
1769099871.567731 13.652949 -9.745311 -1.265997
1769099871.632787 13.684618 -9.930907 -1.362171
1769099871.712733 13.687268 -9.946833 -1.367701
1769099871.767718 13.688326 -9.953053 -1.374329
1769099871.827790 13.689317 -9.959470 -1.374232
1769099871.877738 13.690842 -9.968798 -1.381455
1769099871.932716 13.691798 -9.975001 -1.385118
1769099871.982719 13.692763 -9.981274 -1.392956
1769099873.587752 13.710205 -10.208984 -1.513702
1769099873.662811 13.710729 -10.224986 -1.516723
1769099873.717748 13.710925 -10.231268 -1.514835
1769099873.772751 13.711143 -10.237655 -1.515540
1769099873.827823 13.711398 -10.246983 -1.514033
1769099873.882808 13.711635 -10.253249 -1.517870
1769099873.977770 13.713406 -10.336846 -1.522066
1769099875.577750 13.713570 -10.343173 -1.524090
1769099875.632802 13.705102 -10.505265 -1.564431
1769099875.697851 13.705025 -10.511846 -1.567297
1769099875.747796 13.704810 -10.521439 -1.562437
1769099875.797816 13.704746 -10.527842 -1.564378
1769099875.852777 13.704556 -10.543528 -1.568563
1769099875.902816 13.704470 -10.549910 -1.569312
1769099875.987789 13.702419 -10.626234 -1.587195
1769099877.647839 13.702228 -10.632205 -1.588637
1769099877.697895 13.686782 -10.821515 -1.622147
1769099877.767825 13.685874 -10.834396 -1.620938
1769099877.817819 13.685183 -10.844053 -1.619083
1769099877.867803 13.684750 -10.850332 -1.615535
1769099877.922837 13.684163 -10.859561 -1.616155
1769099877.992837 13.678152 -10.932762 -1.657242
1769099879.637824 13.677410 -10.939249 -1.659541
1769099879.692856 13.649284 -11.116341 -1.777913
1769099879.762856 13.645652 -11.131856 -1.790992
1769099879.817856 13.644220 -11.137857 -1.798614
1769099879.867931 13.641987 -11.146625 -1.800137
1769099879.922861 13.640485 -11.152711 -1.805718
1769099879.997871 13.619998 -11.226057 -1.851780
1769099881.682893 13.579426 -11.406890 -1.933522
1769099881.742914 13.577031 -11.412876 -1.934855
1769099881.797895 13.574584 -11.418895 -1.933767
1769099881.847906 13.570917 -11.428011 -1.932886
1769099881.897901 13.568571 -11.433800 -1.930529
1769099881.947908 13.566150 -11.439875 -1.929726
1769099883.518010 13.537817 -11.510989 -1.935318
1769099883.567997 13.461693 -11.666472 -1.945385
1769099883.627945 13.458075 -11.675389 -1.946499
1769099883.677995 13.455622 -11.681440 -1.947102
1769099883.727943 13.453264 -11.687186 -1.945682
1769099883.782928 13.449640 -11.696083 -1.946878
1769099883.837947 13.447298 -11.701851 -1.948558
1769099885.622959 13.413443 -11.784684 -1.953026
1769099885.682967 13.332546 -11.958135 -1.955765
1769099885.742998 13.328668 -11.967449 -1.957622
1769099885.797957 13.326213 -11.973296 -1.958540
1769099885.852985 13.319843 -11.988395 -1.959999
1769099885.907971 13.317338 -11.994394 -1.962362
1769099887.543036 13.287842 -12.063851 -1.963583
1769099887.603056 13.224379 -12.199056 -1.971438
1769099887.673006 13.220592 -12.207758 -1.973000
1769099887.728023 13.217963 -12.213807 -1.975022
1769099887.788007 13.215589 -12.219230 -1.976359
1769099887.843012 13.211749 -12.227898 -1.976666
1769099887.902987 13.209100 -12.233918 -1.977899
1769099889.593022 13.175428 -12.310320 -1.971549
1769099889.648049 13.107412 -12.465904 -1.978246
1769099889.713020 13.102321 -12.477249 -1.974370
1769099889.768039 13.098515 -12.485900 -1.977091
1769099889.823043 13.095923 -12.491717 -1.977637
1769099889.873056 13.093291 -12.497650 -1.979750
1769099889.928044 13.089465 -12.506191 -1.981866
1769099891.678075 13.059311 -12.573491 -1.979100
1769099891.738075 12.972087 -12.773825 -1.980657
1769099891.813090 12.966762 -12.785541 -1.981708
1769099891.878065 12.962655 -12.794488 -1.980689
1769099891.938076 12.960074 -12.800170 -1.981096
1769099891.993062 12.957367 -12.806084 -1.981350
1769099892.053086 12.950644 -12.820761 -1.985422
1769099893.833186 12.837422 -13.057117 -2.053939
1769099893.913088 12.831118 -13.068499 -2.062243
1769099893.988096 12.826401 -13.076909 -2.066615
1769099894.043127 12.823114 -13.082629 -2.067412
1769099895.703133 12.815093 -13.096749 -2.081061
1769099895.763202 12.676260 -13.296320 -2.220848
1769099895.823150 12.672138 -13.301527 -2.227420
1769099895.883146 12.668158 -13.306462 -2.233167
1769099895.938147 12.662023 -13.314027 -2.242076
1769099895.998137 12.657927 -13.318914 -2.246321
1769099896.058209 12.647424 -13.331231 -2.260010
1769099897.723150 12.454395 -13.485930 -2.393442
1769099897.788195 12.449571 -13.490036 -2.399519
1769099897.848168 12.444606 -13.494209 -2.406782
1769099897.903228 12.432182 -13.504462 -2.421543
1769099897.968179 12.427059 -13.508553 -2.427194
1769099898.023146 12.419330 -13.514637 -2.430972
1769099899.703255 12.414123 -13.518726 -2.435678
1769099899.758218 12.232081 -13.676073 -2.612804
1769099899.823220 12.223704 -13.680637 -2.616750
1769099899.873208 12.217961 -13.683743 -2.620502
1769099899.928203 12.212174 -13.686873 -2.626905
1769099899.978226 12.203479 -13.691498 -2.633930
1769099901.618238 12.010822 -13.776586 -2.759386
1769099901.688252 12.001588 -13.779878 -2.769708
1769099901.743302 11.995672 -13.781822 -2.772199
1769099901.798223 11.989744 -13.783920 -2.782254
1769099901.848393 11.980630 -13.786841 -2.787141
1769099901.903268 11.974505 -13.788829 -2.795714
1769099901.963252 11.959674 -13.793183 -2.805578
1769099903.673272 11.713009 -13.860883 -2.959568
1769099903.748264 11.706789 -13.861595 -2.962934
1769099903.798265 11.697336 -13.862702 -2.970219
1769099903.848261 11.690992 -13.863344 -2.973190
1769099903.898343 11.684611 -13.864074 -2.979795
1769099903.948354 11.674880 -13.864946 -2.982648
1769099904.003336 11.668236 -13.865591 -2.988376
1769099905.683252 11.415205 -13.875911 -3.034069
1769099905.743262 11.408815 -13.876221 -3.035253
1769099905.793337 11.399134 -13.876608 -3.033879
1769099905.848275 11.392587 -13.876974 -3.036619
1769099905.898376 11.386142 -13.877242 -3.037496
1769099905.948333 11.376413 -13.877532 -3.036156
1769099905.998315 11.370121 -13.877814 -3.041041
1769099907.658335 11.102361 -13.887948 3.086607
1769099907.723345 11.096096 -13.887287 3.084436
1769099907.778333 11.089813 -13.886550 3.083970
1769099907.823376 11.080274 -13.885398 3.084098
1769099907.873356 11.073786 -13.884598 3.084957
1769099907.928331 11.067349 -13.883779 3.087322
1769099907.988318 11.057499 -13.882717 3.083988
1769099909.658364 10.786375 -13.855197 3.079846
1769099909.713387 10.776840 -13.854162 3.081709
1769099909.768385 10.770665 -13.853431 3.084900
1769099909.818371 10.764226 -13.852734 3.085520
1769099909.868361 10.754792 -13.851738 3.082704
1769099909.918389 10.748432 -13.850955 3.084089
1769099909.968373 10.741974 -13.850300 3.080644
1769099911.613406 10.516752 -13.834850 3.080386
1769099911.673410 10.510606 -13.834122 3.083630
1769099911.723404 10.504310 -13.833374 3.087592
1769099911.773424 10.495240 -13.832437 3.089992
1769099911.828401 10.488899 -13.831796 3.092723
1769099911.878415 10.482535 -13.831255 3.091979
1769099911.928392 10.473403 -13.830359 3.094072
1769099913.563469 10.400621 -13.823131 3.094094
1769099913.613445 10.216994 -13.802687 3.095520
1769099913.673442 10.210803 -13.802212 3.092734
1769099913.723503 10.204755 -13.801595 3.094996
1769099913.783432 10.195909 -13.800820 3.093516
1769099913.838439 10.189911 -13.800230 3.096352
1769099913.928444 10.106959 -13.792974 3.097832
1769099915.608481 10.100493 -13.792371 3.102071
1769099915.663446 9.906498 -13.780757 3.132450
1769099915.723527 9.896605 -13.780300 3.136012
1769099915.783540 9.889911 -13.780047 3.139138
1769099915.843464 9.883678 -13.779809 -3.140508
1769099915.893475 9.874081 -13.779470 -3.134892
1769099915.948477 9.868114 -13.779302 -3.132133
1769099917.738515 9.618809 -13.770500 -3.121878
1769099917.803514 9.602553 -13.770019 -3.123835
1769099917.858516 9.596303 -13.769840 -3.124443
1769099917.918496 9.586929 -13.769519 -3.122693
1769099917.973531 9.580564 -13.769380 -3.124114
1769099918.033509 9.571443 -13.769084 -3.122245
1769099919.723539 9.340620 -13.767749 -3.139388
1769099919.793558 9.331229 -13.767351 -3.140543
1769099919.848585 9.324754 -13.767049 -3.140569
1769099919.903552 9.318180 -13.766799 3.139629
1769099919.953556 9.301821 -13.766020 3.139696
1769099920.008571 9.295371 -13.765710 -3.141271
1769099921.718596 9.285743 -13.765306 3.141479
1769099921.773588 9.034781 -13.760872 3.125604
1769099921.843570 9.028339 -13.760521 3.125179
1769099921.898579 9.019032 -13.760008 3.122080
1769099921.953585 9.006390 -13.759267 3.117801
1769099922.008601 8.997031 -13.758573 3.119952
1769099923.723657 8.990563 -13.758123 3.122311
1769099923.778612 8.727555 -13.743091 3.119420
1769099923.843611 8.718218 -13.742471 3.120653
1769099923.898629 8.711994 -13.742138 3.117737
1769099923.953633 8.695964 -13.741103 3.115155
1769099924.008627 8.689928 -13.740738 3.112091
1769099925.688655 8.680272 -13.740043 3.111137
1769099925.743658 8.429000 -13.716628 3.113732
1769099925.803665 8.413552 -13.715589 3.112005
1769099925.858657 8.407410 -13.715212 3.108586
1769099925.913637 8.397907 -13.714490 3.109556
1769099925.963647 8.391348 -13.714056 3.106581
1769099926.023645 8.384768 -13.713608 3.103704
1769099927.673727 8.139958 -13.699024 3.105758
1769099927.748733 8.133565 -13.698477 3.108131
1769099927.798695 8.127077 -13.697986 3.107753
1769099927.848692 8.117836 -13.697225 3.110965
1769099927.898685 8.111567 -13.696776 3.109126
1769099927.953678 8.105280 -13.696317 3.107635
1769099928.003753 8.089234 -13.695076 3.104749
1769099929.713745 7.839140 -13.679292 3.090679
1769099929.773711 7.832886 -13.678688 3.090756
1769099929.828713 7.826561 -13.678050 3.094207
1769099929.878727 7.817177 -13.677178 3.093608
1769099929.933730 7.810896 -13.676564 3.095965
1769099929.983740 7.804520 -13.675947 3.097812
1769099930.038720 7.795024 -13.675104 3.095124
1769099931.693783 7.552861 -13.651010 3.076904
1769099931.753755 7.540470 -13.649615 3.076365
1769099931.803749 7.531224 -13.648539 3.078951
1769099931.858752 7.525179 -13.647836 3.080765
1769099931.908798 7.515801 -13.646796 3.082206
1769099931.963761 7.509767 -13.646104 3.085978
1769099932.018744 7.503609 -13.645458 3.085828
1769099933.788780 7.236080 -13.628973 3.093610
1769099933.858809 7.223236 -13.627750 3.103560
1769099933.913776 7.213714 -13.626937 3.109627
1769099933.963796 7.207581 -13.626402 3.116061
1769099934.023802 7.201383 -13.625896 3.123889
1769099935.803829 7.192092 -13.625303 3.127803
1769099935.858827 6.923443 -13.620246 -3.130506
1769099935.938837 6.917357 -13.620085 -3.130930
1769099935.993818 6.907964 -13.619845 -3.130714
1769099936.048833 6.901881 -13.619671 -3.129619
1769099937.733866 6.886328 -13.619297 -3.129450
1769099937.793871 6.643666 -13.617374 3.137418
1769099937.858929 6.628142 -13.616678 3.132739
1769099937.908857 6.619043 -13.616215 3.134519
1769099937.958864 6.612685 -13.615886 3.130365
1769099938.008883 6.603234 -13.615373 3.130700
1769099939.693904 6.597025 -13.615008 3.129476
1769099939.743960 6.346785 -13.596861 3.101746
1769099939.803908 6.331384 -13.595678 3.099083
1769099939.853902 6.322054 -13.594957 3.097561
1769099939.913923 6.315972 -13.594452 3.095954
1769099939.963896 6.309821 -13.593931 3.094152
1769099940.023896 6.300210 -13.593154 3.092067
1769099941.738928 6.068348 -13.581007 3.076276
1769099941.803943 6.052816 -13.579324 3.076579
1769099941.858938 6.046240 -13.578602 3.075191
1769099941.913923 6.036647 -13.577584 3.073247
1769099941.963945 6.030127 -13.576859 3.070468
1769099942.023925 6.024021 -13.576143 3.070123
1769099943.698950 6.014319 -13.575054 3.069122
1769099943.768942 5.756040 -13.546576 3.053564
1769099943.844017 5.750188 -13.545839 3.054534
1769099943.893975 5.744136 -13.545085 3.056524
1769099943.944046 5.734771 -13.544013 3.054904
1769099943.998974 5.728817 -13.543287 3.054383
1769099944.053947 5.719190 -13.542150 3.055129
1769099945.819004 5.453099 -13.509206 3.092018
1769099945.884061 5.446766 -13.508684 3.093436
1769099945.934006 5.437708 -13.507963 3.098034
1769099945.989008 5.431291 -13.507486 3.099148
1769099946.039075 5.425025 -13.506984 3.109031
1769099947.729028 5.415304 -13.506389 3.108047
1769099947.794040 5.172127 -13.493816 -3.079438
1769099947.854045 5.156096 -13.494234 -3.075706
1769099947.904060 5.149651 -13.494401 -3.073985
1769099947.959039 5.140445 -13.494691 -3.075168
1769099948.009065 5.134406 -13.494853 -3.073316
1769099949.709059 5.125251 -13.495145 -3.074171
1769099949.769075 4.877519 -13.505889 -3.075225
1769099949.829084 4.871247 -13.506115 -3.072207
1769099949.884078 4.861763 -13.506506 -3.072309
1769099949.934107 4.855189 -13.506740 -3.067059
1769099949.989132 4.848667 -13.507025 -3.066347
1769099950.039077 4.839060 -13.507470 -3.063791
1769099951.664115 4.627955 -13.512760 -3.037485
1769099951.739114 4.627960 -13.512652 -3.039031
1769099951.794077 4.627965 -13.512555 -3.040566
1769099951.859103 4.627973 -13.512394 -3.043592
1769099951.909095 4.627977 -13.512331 -3.045087
1769099951.964092 4.627981 -13.512278 -3.046571
1769099953.629132 4.368672 -13.546740 -3.026868
1769099953.719122 4.353146 -13.548019 -3.021699
1769099953.784137 4.343892 -13.548814 -3.021640
1769099953.839132 4.337734 -13.549340 -3.019177
1769099953.889197 4.331313 -13.549926 -3.022245
1769099953.944189 4.321600 -13.550754 -3.021622
1769099954.004123 4.308952 -13.551824 -3.020479
1769099955.764167 4.299576 -13.552588 -3.016057
1769099955.829163 4.018754 -13.579085 -3.012231
1769099955.894171 4.012746 -13.579734 -3.014913
1769099955.944191 4.003371 -13.580692 -3.013300
1769099955.999145 3.996788 -13.581397 -3.016251
1769099956.054183 3.990725 -13.582062 -3.019401
1769099957.694182 3.974824 -13.583689 -3.020696
1769099957.754183 3.730020 -13.610556 -2.998606
1769099957.814177 3.714690 -13.612234 -3.008254
1769099957.869204 3.708759 -13.612838 -3.014165
1769099957.924202 3.699233 -13.613776 -3.019514
1769099957.974197 3.692753 -13.614379 -3.024862
1769099959.614252 3.500496 -13.629826 -3.120846
1769099959.684271 3.494467 -13.629527 -3.119403
1769099959.739243 3.488407 -13.629228 -3.115543
1769099959.799313 3.478957 -13.628846 -3.117053
1769099959.854225 3.466294 -13.628291 -3.111837
1769099959.909245 3.456956 -13.627932 -3.110162
1769099959.959245 3.450383 -13.627673 -3.111744
1769099961.649275 3.203634 -13.617609 -3.101722
1769099961.714249 3.187732 -13.617059 -3.100761
1769099961.764297 3.181325 -13.616829 -3.100006
1769099961.824265 3.171807 -13.616545 -3.098005
1769099961.874254 3.165834 -13.616346 -3.097817
1769099961.934250 3.159561 -13.616165 -3.099186
1769099961.984351 3.150093 -13.615902 -3.097659
1769099963.754329 2.889293 -13.625555 -3.090074
1769099963.814281 2.876251 -13.625328 -3.085645
1769099963.864331 2.866604 -13.625204 -3.082464
1769099963.924293 2.860180 -13.625168 -3.085649
1769099963.974303 2.854251 -13.625090 -3.081407
1769099964.029345 2.844689 -13.625053 -3.084918
1769099965.794315 2.838687 -13.625005 -3.083020
1769099965.849350 2.586129 -13.634639 -3.077465
1769099965.914333 2.580047 -13.634717 -3.068444
1769099965.964355 2.563947 -13.634831 -3.063862
1769099966.019337 2.557598 -13.634930 -3.063440
1769099967.614351 2.548338 -13.635068 -3.063355
1769099967.674373 2.327779 -13.635195 -3.061119
1769099967.754365 2.314617 -13.635401 -3.060567
1769099967.824353 2.304977 -13.635642 -3.064222
1769099967.874395 2.298391 -13.635710 -3.061722
1769099967.939346 2.292065 -13.635802 -3.063279
1769099967.999361 2.282471 -13.636004 -3.060313
1769099969.574397 2.054664 -13.635210 -3.074452
1769099969.644408 2.045373 -13.635122 -3.080624
1769099969.699408 2.039294 -13.635005 -3.082963
1769099969.754400 2.023403 -13.634627 -3.100159
1769099969.809407 2.016821 -13.634380 -3.104989
1769099969.864423 2.010549 -13.634111 -3.113229
1769099969.924393 2.000982 -13.633658 -3.115962
1769099971.609450 1.926170 -13.628415 3.115686
1769099971.684441 1.750648 -13.631691 2.992496
1769099971.754443 1.735088 -13.628228 2.983370
1769099971.804449 1.728656 -13.626730 2.980151
1769099971.854444 1.719593 -13.624596 2.974063
1769099971.909437 1.713295 -13.623072 2.967233
1769099971.979442 1.704136 -13.620808 2.960490
1769099973.779447 1.441643 -13.565797 2.818314
1769099973.854488 1.426412 -13.559741 2.819708
1769099973.914468 1.420399 -13.557356 2.821506
1769099973.979456 1.414324 -13.554924 2.827317
1769099974.029455 1.405701 -13.551552 2.829827
1769099975.724522 1.399739 -13.549209 2.833189
1769099975.774508 1.163098 -13.449303 2.844685
1769099975.834508 1.157088 -13.447162 2.845285
1769099975.889503 1.150987 -13.444970 2.846755
1769099975.939516 1.141836 -13.441681 2.849343
1769099975.994509 1.135983 -13.439584 2.851283
1769099977.629533 0.913305 -13.379798 2.877728
1769099977.699552 0.907409 -13.377944 2.877205
1769099977.759551 0.892031 -13.373111 2.875724
1769099977.809556 0.885875 -13.371187 2.875502
1769099977.859559 0.879540 -13.369178 2.876377
1769099977.919518 0.870255 -13.366236 2.874234
1769099977.979546 0.863935 -13.364224 2.875085
1769099979.764569 0.606010 -13.290240 2.906624
1769099979.824576 0.596898 -13.287652 2.907082
1769099979.874603 0.590983 -13.285974 2.910879
1769099979.924584 0.584727 -13.284268 2.906008
1769099979.974652 0.575335 -13.281578 2.908608
1769099980.034597 0.569006 -13.279837 2.904283
1769099981.764619 0.331130 -13.215130 2.936532
1769099981.829598 0.322225 -13.212814 2.936239
1769099981.889627 0.315994 -13.211215 2.936255
1769099981.944612 0.307132 -13.208921 2.933119
1769099981.999613 0.300936 -13.207322 2.934589
1769099982.059621 0.285446 -13.203300 2.934276
1769099983.749651 0.052469 -13.145884 2.943295
1769099983.814727 0.036964 -13.142067 2.949930
1769099983.869663 0.030692 -13.140574 2.951429
1769099983.929659 0.021374 -13.138341 2.947078
1769099983.979651 0.015185 -13.136870 2.946720
1769099984.029656 0.009005 -13.135361 2.948729
1769099985.684690 -0.227768 -13.063540 2.810779
1769099985.744707 -0.233817 -13.061191 2.805172
1769099985.799697 -0.242588 -13.057642 2.803859
1769099985.849696 -0.248400 -13.055316 2.798899
1769099985.899702 -0.254306 -13.052929 2.794599
1769099985.954693 -0.263026 -13.049312 2.788128
1769099986.004689 -0.277622 -13.043117 2.781212
1769099987.649742 -0.489592 -12.937660 2.622082
1769099987.709737 -0.500330 -12.930896 2.616691
1769099987.764706 -0.505818 -12.927417 2.611879
1769099987.814774 -0.513466 -12.922413 2.612704
1769099987.864717 -0.518863 -12.918972 2.606018
1769099987.919726 -0.524250 -12.915494 2.599235
1769099987.969728 -0.532248 -12.910148 2.593225
1769099989.629750 -0.725783 -12.759914 2.428428
1769099989.694751 -0.730212 -12.755757 2.423829
1769099989.744760 -0.734824 -12.751335 2.422099
1769099989.794761 -0.741722 -12.744681 2.416061
1769099989.849725 -0.746259 -12.740304 2.412313
1769099989.899776 -0.752652 -12.733995 2.408778
1769099989.964749 -0.808406 -12.676488 2.386447
1769099991.659793 -0.814905 -12.669699 2.385941
1769099991.724800 -0.903558 -12.541656 2.336179
1769099991.794796 -0.907783 -12.536978 2.337102
1769099991.849798 -0.914122 -12.529942 2.338376
1769099991.899793 -0.918436 -12.525187 2.339496
1769099991.964856 -0.929200 -12.513346 2.339796
1769099992.014790 -0.933090 -12.509044 2.340848
1769099993.614820 -1.081867 -12.341962 2.301647
1769099993.679898 -1.085986 -12.336998 2.304366
1769099993.739891 -1.090153 -12.332025 2.305218
1769099993.794825 -1.096354 -12.324685 2.303146
1769099993.854826 -1.100444 -12.319809 2.302107
1769099993.904826 -1.110563 -12.307719 2.299623
1769099993.974813 -1.157576 -12.250696 2.289425
1769099995.669847 -1.161681 -12.245649 2.289739
1769099995.719939 -1.283671 -12.092849 2.262836
1769099995.779858 -1.287694 -12.087598 2.263453
1769099995.834860 -1.293620 -12.079935 2.263746
1769099995.889859 -1.297564 -12.074801 2.264874
1769099995.944865 -1.303062 -12.067704 2.265213
1769099995.999872 -1.306930 -12.062660 2.266765
1769099997.604888 -1.455172 -11.887135 2.142100
1769099997.674906 -1.460120 -11.878680 2.133287
1769099997.729899 -1.463363 -11.873042 2.127554
1769099997.779925 -1.466348 -11.867683 2.124480
1769099997.834908 -1.471086 -11.859242 2.117160
1769099997.884907 -1.474118 -11.853601 2.117977
1769099997.994973 -1.512333 -11.781314 2.074400
1769099999.694929 -1.583340 -11.599459 1.978676
1769099999.769917 -1.588964 -11.584350 1.977059
1769099999.839931 -1.591116 -11.578597 1.977063
1769099999.894918 -1.593346 -11.572548 1.979285
1769099999.954933 -1.598846 -11.558061 1.980125
1769100000.004919 -1.601103 -11.552074 1.982217
1769100001.669993 -1.604384 -11.543679 1.980610
1769100001.719979 -1.698672 -11.312545 1.899028
1769100001.779974 -1.700532 -11.306289 1.890448
1769100001.834969 -1.702980 -11.297334 1.887127
1769100001.884974 -1.704682 -11.291353 1.881203
1769100001.934983 -1.706339 -11.285171 1.879939
1769100001.999990 -1.724986 -11.211363 1.825997
1769100003.660012 -1.774477 -11.032014 1.754235
1769100003.745009 -1.775262 -11.025622 1.757505
1769100003.805004 -1.777179 -11.012533 1.751893
1769100003.865002 -1.778542 -11.002850 1.750075
1769100003.925000 -1.779430 -10.996440 1.749037
1769100003.990005 -1.780223 -10.990234 1.750375
1769100004.045011 -1.781604 -10.980728 1.746515
1769100005.630037 -1.808161 -10.752629 1.706830
1769100005.690050 -1.808842 -10.746019 1.703260
1769100005.740025 -1.809716 -10.736381 1.702949
1769100005.795039 -1.810353 -10.729960 1.697682
1769100005.850044 -1.811764 -10.713640 1.694310
1769100005.905039 -1.812344 -10.707125 1.693036
1769100007.625111 -1.818605 -10.633580 1.691246
1769100007.685089 -1.842330 -10.438544 1.663415
1769100007.745096 -1.842723 -10.432517 1.661254
1769100007.795142 -1.843329 -10.422777 1.658278
1769100007.850081 -1.843785 -10.416038 1.652734
1769100007.900069 -1.844079 -10.409682 1.652414
1769100009.610117 -1.848148 -10.327576 1.640000
1769100009.680088 -1.871513 -10.151340 1.625082
1769100009.740097 -1.871661 -10.144932 1.624274
1769100009.790088 -1.871853 -10.135207 1.624353
1769100009.840117 -1.872009 -10.128609 1.623200
1769100009.900110 -1.872101 -10.122209 1.623506
1769100009.950118 -1.872327 -10.105945 1.619488
1769100011.755179 -1.886913 -9.850101 1.593600
1769100011.815132 -1.886784 -9.840714 1.588264
1769100011.870133 -1.886582 -9.834627 1.588479
1769100011.925200 -1.886402 -9.828020 1.587722
1769100011.980114 -1.886130 -9.818307 1.587593
1769100012.035139 -1.885941 -9.811754 1.585763
1769100013.700219 -1.885782 -9.805037 1.581213
1769100013.755176 -1.869613 -9.555497 1.543188
1769100013.810163 -1.869204 -9.549079 1.539682
1769100013.865257 -1.868469 -9.539710 1.540581
1769100013.925169 -1.868053 -9.533194 1.535639
1769100013.975181 -1.867575 -9.526717 1.532705
1769100015.670188 -1.844981 -9.278165 1.504194
1769100015.730203 -1.844211 -9.271789 1.502321
1769100015.785199 -1.842965 -9.262404 1.509351
1769100015.835186 -1.842227 -9.255980 1.509679
1769100015.890224 -1.841530 -9.249640 1.508369
1769100015.940194 -1.840508 -9.240381 1.507003
1769100017.520271 -1.831328 -9.166551 1.491270
1769100017.570236 -1.804889 -9.001755 1.472081
1769100017.625254 -1.803928 -8.995125 1.468831
1769100017.675310 -1.802881 -8.988695 1.469979
1769100017.725252 -1.801460 -8.979014 1.465586
1769100017.775234 -1.800424 -8.973102 1.468177
1769100017.850295 -1.787346 -8.890953 1.447713
1769100019.575386 -1.784567 -8.875308 1.449573
1769100019.630269 -1.770123 -8.705965 1.427384
1769100019.685274 -1.768211 -8.696505 1.429986
1769100019.735228 -1.766974 -8.689958 1.426095
1769100019.790344 -1.765750 -8.683873 1.424847
1769100019.835239 -1.763847 -8.674375 1.423614
1769100019.895259 -1.762559 -8.668047 1.423054
1769100021.580390 -1.746035 -8.587225 1.410579
1769100021.630291 -1.711330 -8.411536 1.476688
1769100021.685354 -1.710391 -8.405084 1.477292
1769100021.735302 -1.708980 -8.395425 1.481766
1769100021.785298 -1.708063 -8.388869 1.481941
1769100021.835310 -1.707156 -8.382228 1.482630
1769100021.885324 -1.705813 -8.372594 1.487461
1769100023.630400 -1.696444 -8.293803 1.508598
1769100023.690340 -1.678420 -8.103387 1.526929
1769100023.755369 -1.676828 -8.087949 1.525078
1769100023.810338 -1.676093 -8.081542 1.526876
1769100023.870344 -1.675094 -8.071849 1.524206
1769100023.920343 -1.674333 -8.065264 1.526115
1769100023.970345 -1.673635 -8.059153 1.526280
1769100025.680364 -1.647642 -7.806277 1.535990
1769100025.745363 -1.646781 -7.797000 1.536481
1769100025.795391 -1.646204 -7.790920 1.537079
1769100025.855369 -1.644711 -7.775066 1.535436
1769100025.905386 -1.644051 -7.768608 1.536198
1769100025.965378 -1.643420 -7.762119 1.532924
1769100027.575414 -1.621050 -7.535480 1.544821
1769100027.630409 -1.620223 -7.526019 1.542528
1769100027.690406 -1.619649 -7.520116 1.542471
1769100027.740405 -1.619022 -7.513799 1.544325
1769100027.790482 -1.618204 -7.504123 1.542724
1769100027.840415 -1.617590 -7.497686 1.543959
1769100027.895471 -1.617022 -7.491211 1.541092
1769100029.725455 -1.609081 -7.408549 1.546334
1769100029.780431 -1.603945 -7.220529 1.534966
1769100029.850422 -1.603342 -7.214273 1.537992
1769100029.910436 -1.601960 -7.198308 1.537766
1769100029.960467 -1.601390 -7.191795 1.536908
1769100030.020438 -1.600608 -7.182060 1.532870
1769100031.690571 -1.575376 -6.948160 1.538421
1769100031.760472 -1.574144 -6.932537 1.541578
1769100031.810480 -1.573634 -6.926314 1.545039
1769100031.860487 -1.573170 -6.920422 1.546736
1769100031.910567 -1.572516 -6.911014 1.546821
1769100031.965482 -1.572071 -6.904927 1.545945
1769100032.015485 -1.571629 -6.898535 1.542274
1769100033.580544 -1.557559 -6.682953 1.541214
1769100033.640524 -1.556864 -6.673315 1.541951
1769100033.690516 -1.556425 -6.666893 1.538670
1769100033.745512 -1.555917 -6.660397 1.541907
1769100033.800517 -1.554754 -6.644333 1.546366
1769100033.855510 -1.554275 -6.637827 1.551817
1769100033.910511 -1.553706 -6.628365 1.551318
1769100035.610584 -1.549228 -6.554973 1.547458
1769100035.665545 -1.546786 -6.373299 1.552115
1769100035.730541 -1.546416 -6.366831 1.550739
1769100035.780554 -1.546016 -6.360456 1.551163
1769100035.835552 -1.545432 -6.350856 1.551936
1769100035.910548 -1.541585 -6.270864 1.583500
1769100037.570585 -1.541330 -6.261038 1.585556
1769100037.620576 -1.547572 -6.074874 1.698903
1769100037.685604 -1.548096 -6.068408 1.701892
1769100037.745576 -1.548648 -6.061900 1.705243
1769100037.795600 -1.549548 -6.052357 1.706228
1769100037.865591 -1.550733 -6.039491 1.710650
1769100037.925576 -1.551662 -6.030214 1.714300
1769100039.645693 -1.560378 -5.958896 1.756974
1769100039.700636 -1.583025 -5.785295 1.803045
1769100039.770615 -1.584864 -5.775819 1.803085
1769100039.825634 -1.586041 -5.769620 1.802996
1769100039.875627 -1.587247 -5.763246 1.801739
1769100039.930612 -1.589044 -5.753917 1.798690
1769100039.980634 -1.590222 -5.747538 1.798276
1769100041.705661 -1.636919 -5.535601 1.796483
1769100041.765723 -1.637993 -5.529291 1.799606
1769100041.820705 -1.639648 -5.519955 1.800008
1769100041.885652 -1.640756 -5.513629 1.801643
1769100041.940673 -1.641874 -5.507410 1.799697
1769100041.995670 -1.643586 -5.497822 1.797814
1769100042.060659 -1.645811 -5.485061 1.795169
1769100043.770697 -1.698079 -5.232029 1.802371
1769100043.830703 -1.699123 -5.226206 1.801083
1769100043.885705 -1.700815 -5.216823 1.799961
1769100043.940707 -1.701930 -5.210582 1.799028
1769100043.990692 -1.703049 -5.204203 1.799396
1769100044.050704 -1.704725 -5.194817 1.799652
1769100045.640722 -1.750973 -4.968384 1.809393
1769100045.695740 -1.752185 -4.961682 1.811131
1769100045.745745 -1.753253 -4.955808 1.812166
1769100045.795742 -1.754996 -4.946399 1.816127
1769100045.845743 -1.756172 -4.940145 1.815738
1769100045.895728 -1.757358 -4.933848 1.817839
1769100045.945721 -1.759079 -4.924936 1.817416
1769100047.630803 -1.810421 -4.681002 1.809581
1769100047.685757 -1.812215 -4.671374 1.807314
1769100047.735789 -1.813358 -4.665002 1.808954
1769100047.790775 -1.814525 -4.658501 1.809463
1769100047.840761 -1.816264 -4.649003 1.810557
1769100047.895775 -1.817335 -4.643020 1.812829
1769100047.955752 -1.832486 -4.560669 1.808012
1769100049.565789 -1.833569 -4.554705 1.805189
1769100049.615794 -1.864930 -4.384876 1.814600
1769100049.680795 -1.866130 -4.378383 1.813995
1769100049.735798 -1.867924 -4.368859 1.812171
1769100049.785797 -1.869050 -4.362710 1.809967
1769100049.835823 -1.870212 -4.356277 1.809402
1769100049.955910 -1.887001 -4.265839 1.810213
1769100051.655834 -1.888163 -4.259405 1.810921
1769100051.705842 -1.937122 -4.089978 1.819957
1769100051.765831 -1.938318 -4.083532 1.820355
1769100051.815908 -1.940161 -4.073822 1.818470
1769100051.865847 -1.941336 -4.067508 1.814941
1769100051.920844 -1.942525 -4.061024 1.810947
1769100051.975825 -1.944211 -4.051634 1.808475
1769100053.690872 -1.967960 -3.801337 1.643736
1769100053.750869 -1.968122 -3.785419 1.632049
1769100053.805860 -1.968145 -3.776331 1.623604
1769100053.855866 -1.968082 -3.769966 1.619446
1769100053.910869 -1.967983 -3.760645 1.612823
1769100053.960885 -1.967866 -3.754154 1.611196
1769100054.010875 -1.967717 -3.747686 1.609505
1769100055.635886 -1.953745 -3.508821 1.449684
1769100055.695913 -1.952029 -3.499302 1.443714
1769100055.760904 -1.949562 -3.486363 1.436725
1769100055.820889 -1.947697 -3.476746 1.428902
1769100055.890886 -1.946394 -3.470387 1.429337
1769100055.945920 -1.945171 -3.464384 1.423991
1769100055.995917 -1.943210 -3.454961 1.421476
1769100057.706027 -1.894883 -3.238804 1.373122
1769100057.770939 -1.893347 -3.232342 1.370609
1769100057.825940 -1.891861 -3.226184 1.369725
1769100057.885943 -1.889540 -3.216529 1.368094
1769100057.940949 -1.888071 -3.210470 1.366761
1769100057.990949 -1.885869 -3.201412 1.368099
1769100058.045947 -1.884333 -3.195078 1.368129
1769100059.761003 -1.880043 -2.990978 1.472293
1769100059.820970 -1.879344 -2.984689 1.477835
1769100059.875979 -1.878369 -2.975231 1.479108
1769100059.930988 -1.877682 -2.968770 1.484171
1769100059.986043 -1.877030 -2.962374 1.487931
1769100060.040998 -1.876111 -2.952476 1.488960
1769100061.736045 -1.875506 -2.946376 1.497221
1769100061.791028 -1.865938 -2.671358 1.562457
1769100061.856008 -1.865467 -2.655332 1.561688
1769100061.915995 -1.865255 -2.648860 1.562582
1769100061.976014 -1.864996 -2.639594 1.559948
1769100062.041016 -1.864780 -2.633199 1.560043
1769100063.661036 -1.864575 -2.626765 1.556256
1769100063.731040 -1.856377 -2.347906 1.436969
1769100063.796035 -1.855282 -2.341730 1.434922
1769100063.861055 -1.852406 -2.326146 1.425398
1769100063.916028 -1.851164 -2.319764 1.422481
1769100063.976044 -1.849928 -2.313359 1.413693
1769100064.031059 -1.847986 -2.303832 1.412429
1769100065.641100 -1.789463 -2.065043 1.242071
1769100065.701086 -1.784947 -2.053354 1.235632
1769100065.761088 -1.781450 -2.044458 1.231875
1769100065.821085 -1.779082 -2.038402 1.224751
1769100065.886091 -1.776674 -2.032466 1.220212
1769100065.951085 -1.770631 -2.017815 1.206656
1769100066.011080 -1.768038 -2.011751 1.198775
1769100067.651099 -1.672661 -1.789838 1.051729
1769100067.726081 -1.667629 -1.781855 1.048117
1769100067.781123 -1.664435 -1.776844 1.042552
1769100067.836123 -1.661152 -1.771682 1.032550
1769100067.896108 -1.655919 -1.763707 1.027213
1769100067.951109 -1.647125 -1.750622 1.012969
1769100069.596165 -1.500864 -1.543195 0.851907
1769100069.691194 -1.492179 -1.534228 0.847121
1769100069.756147 -1.481096 -1.522890 0.841037
1769100069.811139 -1.476730 -1.518404 0.833718
1769100069.866149 -1.470144 -1.511831 0.831031
1769100069.926168 -1.465513 -1.507201 0.824795
1769100069.991163 -1.458779 -1.500569 0.817255
1769100070.046163 -1.453985 -1.495905 0.811414
1769100071.816225 -1.241688 -1.326522 0.631501
1769100071.881190 -1.236357 -1.322828 0.620871
1769100071.936231 -1.230992 -1.319276 0.614312
1769100071.996182 -1.222885 -1.314099 0.609630
1769100072.051190 -1.211974 -1.307195 0.601524
1769100073.811232 -1.204027 -1.302239 0.596592
1769100073.866254 -0.968979 -1.174875 0.425318
1769100073.936225 -0.960049 -1.171337 0.420417
1769100073.991241 -0.953859 -1.168837 0.413460
1769100074.051232 -0.938648 -1.163041 0.404297
1769100075.871273 -0.932638 -1.160788 0.401996
1769100075.936261 -0.667184 -1.083483 0.221972
1769100075.996344 -0.660782 -1.082306 0.213792
1769100076.051337 -0.644877 -1.079753 0.203307
1769100077.856259 -0.638552 -1.078819 0.200867
1769100077.906264 -0.376255 -1.057139 0.026029
1769100077.971347 -0.369905 -1.057234 0.019971
1769100078.021283 -0.360198 -1.057551 0.015105
1769100079.676312 -0.353741 -1.057750 0.011714
1769100079.736312 -0.137758 -1.078897 -0.051636
1769100079.796324 -0.131266 -1.079368 -0.054918
1769100079.851322 -0.124809 -1.079908 -0.055846
1769100079.901329 -0.108458 -1.081343 -0.056489
1769100079.956314 -0.101858 -1.081929 -0.056971
1769100081.626354 0.131652 -1.102963 -0.055211
1769100081.691347 0.137952 -1.103460 -0.053633
1769100081.751346 0.153681 -1.104720 -0.048272
1769100081.831341 0.159996 -1.105090 -0.049378
1769100081.896355 0.169578 -1.105822 -0.045032
1769100081.961398 0.182582 -1.106682 -0.037661
1769100082.026358 0.192465 -1.107279 -0.032497
1769100083.751401 0.199036 -1.107627 -0.029397
1769100083.806458 0.448000 -1.121761 0.108859
1769100083.871394 0.457383 -1.120773 0.116401
1769100083.926393 0.463608 -1.120056 0.121206
1769100083.986388 0.469835 -1.119347 0.126657
1769100084.041483 0.479155 -1.118106 0.130650
1769100085.796411 0.485574 -1.117313 0.136854
1769100085.866507 0.743578 -1.082269 0.287095
1769100085.941420 0.749611 -1.080487 0.291112
1769100086.006420 0.764884 -1.075885 0.297789
1769100087.611522 0.770941 -1.074099 0.303238
1769100087.666461 1.005377 -1.007931 0.330811
1769100087.736476 1.014612 -1.004980 0.331541
1769100087.791456 1.020833 -1.002904 0.328446
1769100087.851557 1.036581 -0.997842 0.325462
1769100087.916461 1.042742 -0.995864 0.323571
1769100087.971511 1.048869 -0.993976 0.323450
1769100089.606528 1.281854 -0.939335 0.204378
1769100089.671497 1.291343 -0.937762 0.197026
1769100089.726489 1.297747 -0.936843 0.195477
1769100089.786492 1.304215 -0.935849 0.188276
1769100089.841494 1.313806 -0.934528 0.182198
1769100089.896495 1.320269 -0.933650 0.176322
1769100089.951500 1.336193 -0.931664 0.165132
1769100091.721550 1.540680 -0.920792 0.040792
1769100091.786536 1.540681 -0.920825 0.040753
1769100091.841529 1.540652 -0.920860 0.040701
1769100091.906522 1.540684 -0.920919 0.040638
1769100091.966524 1.540685 -0.920949 0.040601
1769100092.016536 1.540686 -0.920979 0.040563
1769100093.636570 1.540698 -0.921712 0.039526
1769100093.691544 1.540698 -0.921729 0.039497
1769100093.751548 1.540698 -0.921746 0.039469
1769100093.806566 1.540698 -0.921778 0.039413
1769100093.861549 1.540698 -0.921794 0.039386
1769100093.911574 1.540698 -0.921810 0.039358
1769100093.966568 1.540697 -0.921825 0.039331
1769100095.646592 1.540659 -0.922207 0.038508
1769100095.696607 1.540688 -0.922218 0.038500
1769100095.761617 1.540657 -0.922232 0.038442
1769100095.831609 1.540686 -0.922243 0.038435
1769100095.886612 1.540686 -0.922251 0.038413
1769100095.941599 1.540686 -0.922258 0.038392
1769100095.996596 1.540685 -0.922266 0.038371
